Peta/Sinjai Tengah/tengah2.asc
ncols         159
nrows         182
xllcorner     432018.50213
yllcorner     -18777.58964
cellsize      1
nodata_value  -9999
[rows 0 to 41 of 182, columns 0 to 93 of 159]
1279 1273 1266 1260 1254 1251 1251 1253 1255 1256 1257 1254 1242 1221 1202 1191 1186 1184 1182 1178 1169 1157 1142 1128 1117 1109 1104 1102 1099 1094 1085 1074 1065 1057 1051 1043 1034 1022 1011 998 981 964 949 936 919 898 876 858 843 830 820 812 804 797 791 786 781 774 765 757 751 744 736 725 714 704 695 686 678 669 659 649 638 626 615 606 598 592 588 582 570 555 538 521 504 489 472 455 439 425 416 412 410 410
1274 1269 1263 1259 1255 1252 1253 1255 1256 1256 1256 1252 1241 1220 1200 1186 1177 1171 1167 1163 1156 1144 1131 1119 1110 1103 1098 1096 1096 1093 1088 1079 1070 1064 1061 1059 1053 1042 1027 1010 989 968 951 939 925 908 888 870 855 842 832 824 816 806 798 792 788 783 775 766 759 751 740 726 712 702 692 684 675 665 655 643 631 619 608 599 591 587 583 577 567 553 538 523 507 492 477 460 443 430 420 417 417 419
1262 1259 1257 1257 1254 1250 1248 1249 1249 1248 1249 1249 1243 1227 1206 1186 1173 1164 1157 1150 1142 1132 1122 1113 1105 1098 1094 1091 1090 1090 1089 1083 1074 1067 1065 1066 1065 1057 1039 1017 994 974 958 946 933 918 901 885 869 855 842 832 823 813 805 800 796 791 783 774 765 754 740 725 711 700 690 681 672 662 651 638 623 610 600 592 586 582 578 571 562 550 536 522 508 494 479 463 447 434 426 423 424 427
1244 1243 1244 1248 1247 1241 1236 1234 1233 1233 1235 1239 1239 1229 1210 1189 1171 1160 1151 1142 1133 1124 1116 1109 1103 1098 1094 1091 1088 1090 1091 1087 1078 1070 1066 1067 1067 1058 1038 1014 994 979 967 956 944 929 913 896 880 864 850 838 827 818 811 807 802 796 789 780 768 754 738 723 710 698 688 679 669 659 647 632 616 603 594 587 583 578 573 565 556 546 534 520 507 493 480 465 450 438 430 427 429 433
1230 1229 1231 1233 1233 1228 1224 1222 1221 1221 1222 1227 1229 1223 1209 1189 1171 1159 1149 1139 1129 1120 1113 1107 1103 1100 1097 1096 1095 1096 1098 1094 1085 1076 1069 1065 1063 1051 1028 1006 991 982 974 966 955 942 925 907 889 872 856 843 832 822 816 811 806 800 793 783 768 752 735 721 708 696 685 676 666 656 645 630 615 603 593 585 579 574 568 561 552 542 531 518 505 492 479 466 453 442 434 431 433 438
1223 1222 1222 1221 1221 1219 1217 1216 1216 1215 1215 1216 1216 1213 1205 1190 1175 1162 1151 1141 1130 1121 1115 1111 1108 1106 1106 1107 1109 1111 1110 1103 1091 1081 1073 1066 1056 1038 1016 998 990 984 978 971 963 950 934 916 897 877 860 846 835 825 817 811 806 801 794 783 767 750 734 718 703 689 676 667 662 657 647 633 618 606 594 585 578 572 566 558 550 540 529 516 503 490 478 466 455 445 437 434 435 440
1219 1217 1215 1213 1212 1211 1210 1210 1210 1209 1208 1207 1205 1204 1202 1195 1185 1174 1163 1152 1141 1133 1127 1123 1121 1119 1120 1123 1126 1126 1120 1107 1093 1083 1075 1064 1048 1026 1007 994 988 985 980 973 964 952 937 919 897 876 859 845 834 825 816 808 801 797 791 782 767 751 733 714 694 673 654 646 650 656 653 641 625 610 597 587 579 573 567 560 551 542 530 516 503 490 479 468 458 448 440 437 438 443
1217 1213 1209 1206 1203 1202 1201 1201 1201 1201 1200 1199 1197 1197 1199 1200 1194 1186 1176 1165 1155 1146 1141 1137 1135 1132 1131 1133 1135 1132 1122 1105 1090 1080 1071 1058 1041 1020 1003 993 986 983 979 973 963 950 935 915 892 872 856 843 832 823 814 804 796 792 788 780 768 752 733 708 678 647 623 615 628 648 657 650 634 617 603 592 585 579 572 564 555 545 533 520 506 493 482 471 461 452 444 440 440 445
1218 1213 1206 1200 1196 1194 1192 1192 1191 1191 1191 1190 1189 1189 1193 1196 1193 1186 1177 1167 1157 1149 1144 1141 1138 1136 1134 1135 1136 1130 1116 1098 1084 1074 1065 1054 1037 1018 1002 992 984 980 976 970 961 948 930 907 885 867 853 841 830 819 809 800 792 789 785 778 767 754 734 700 657 619 593 589 608 635 655 659 646 627 611 599 592 585 578 570 561 550 538 524 510 498 486 476 465 456 449 444 444 448
1224 1216 1207 1197 1191 1187 1184 1183 1182 1181 1181 1181 1180 1181 1184 1185 1181 1174 1166 1158 1149 1142 1138 1135 1133 1132 1131 1132 1133 1125 1108 1091 1078 1069 1061 1051 1035 1017 1002 991 982 975 970 967 960 948 927 901 878 862 850 838 827 816 806 797 790 786 781 773 765 755 730 685 634 594 572 571 590 621 651 665 656 637 619 607 599 592 583 575 566 555 542 529 515 501 490 480 470 461 454 450 449 452
1227 1218 1209 1199 1190 1184 1180 1177 1176 1175 1174 1173 1172 1173 1175 1174 1169 1161 1153 1146 1139 1134 1131 1130 1129 1129 1128 1129 1128 1119 1101 1085 1074 1065 1058 1048 1032 1015 1000 989 979 971 966 964 960 948 926 896 872 857 846 836 826 815 804 794 786 779 771 764 758 748 717 665 612 574 555 560 584 622 657 670 661 643 625 612 604 596 587 578 568 557 544 530 516 503 492 482 473 466 460 457 456 457
1225 1216 1207 1199 1192 1186 1181 1177 1174 1172 1171 1169 1167 1167 1168 1166 1159 1150 1143 1137 1132 1129 1128 1128 1129 1129 1128 1127 1123 1111 1093 1078 1068 1062 1054 1044 1028 1011 997 986 976 969 963 960 954 943 921 892 867 853 843 836 827 815 801 789 778 768 760 752 746 733 699 645 595 560 547 560 591 635 670 676 663 645 628 615 607 598 588 577 567 555 543 529 515 502 491 482 475 470 466 465 465 464
1221 1212 1205 1200 1196 1191 1185 1181 1177 1174 1171 1168 1164 1163 1164 1161 1153 1143 1136 1130 1126 1125 1127 1129 1132 1133 1132 1128 1119 1103 1085 1071 1063 1057 1049 1037 1021 1006 992 981 972 966 960 952 942 931 914 890 867 853 844 837 827 813 797 782 770 760 750 741 733 717 681 630 582 552 547 562 597 646 677 677 663 646 630 618 609 598 586 575 564 552 539 525 512 499 488 481 476 474 473 474 474 472
1218 1211 1205 1205 1205 1200 1193 1188 1183 1179 1174 1169 1164 1162 1161 1159 1150 1140 1132 1127 1125 1126 1129 1132 1135 1137 1135 1128 1114 1095 1078 1066 1058 1052 1043 1029 1015 1000 987 977 969 962 954 942 930 920 909 893 872 857 848 840 828 813 796 782 770 760 747 734 721 701 666 619 576 551 547 561 598 648 675 672 659 644 630 619 608 595 583 571 560 548 534 520 507 495 486 481 478 479 482 484 483 479
1220 1215 1214 1216 1216 1209 1202 1196 1190 1184 1178 1172 1166 1162 1162 1159 1151 1141 1134 1130 1129 1131 1133 1133 1133 1134 1132 1123 1107 1089 1075 1064 1057 1049 1037 1023 1010 997 985 975 966 957 947 935 923 914 907 896 879 865 855 844 831 816 802 789 778 766 750 733 716 692 657 616 579 557 551 566 602 646 667 664 653 641 629 617 605 592 579 566 554 542 529 515 503 493 486 483 483 486 489 491 490 484
1224 1223 1223 1223 1220 1214 1209 1203 1197 1190 1183 1175 1169 1165 1165 1162 1155 1147 1141 1138 1137 1136 1134 1130 1128 1127 1123 1113 1100 1086 1074 1065 1057 1046 1033 1020 1007 995 983 972 962 952 941 930 919 910 904 898 888 877 865 852 838 824 811 799 786 772 754 736 717 692 660 624 590 570 564 577 607 641 657 653 645 636 625 614 601 587 574 561 548 536 523 511 501 493 488 486 487 491 494 496 493 486
1231 1230 1229 1226 1222 1217 1212 1207 1201 1194 1186 1178 1172 1168 1168 1166 1161 1156 1152 1149 1144 1139 1133 1127 1125 1122 1117 1108 1096 1084 1074 1066 1057 1044 1031 1019 1005 991 978 967 957 946 936 925 915 906 901 898 894 886 874 859 845 831 819 806 792 776 758 740 721 699 672 642 612 591 586 595 617 639 647 643 635 628 619 608 596 582 568 555 543 531 519 510 502 496 492 491 493 496 499 498 494 485
1237 1236 1233 1229 1223 1218 1212 1208 1202 1196 1188 1181 1173 1170 1170 1171 1169 1166 1162 1156 1147 1138 1131 1126 1124 1121 1115 1106 1095 1083 1073 1065 1056 1045 1032 1017 1001 985 972 961 951 941 930 920 911 902 896 893 891 885 874 860 847 834 822 810 795 780 762 744 724 703 683 663 639 617 609 615 630 640 640 634 627 619 611 601 590 577 564 550 538 527 517 509 504 500 498 497 498 500 501 499 493 484
1242 1240 1235 1229 1222 1216 1210 1206 1201 1195 1188 1181 1174 1170 1172 1174 1175 1173 1167 1158 1147 1137 1131 1127 1124 1120 1114 1105 1094 1083 1073 1066 1058 1046 1031 1014 996 980 966 955 945 935 925 915 906 898 890 885 882 876 866 854 843 833 822 811 798 783 766 747 725 704 688 676 661 643 632 634 640 641 636 629 622 613 604 595 584 571 559 547 535 525 517 512 508 505 504 503 503 503 502 499 492 483
1244 1241 1235 1228 1220 1213 1207 1203 1199 1194 1187 1180 1173 1170 1172 1175 1176 1175 1168 1156 1145 1137 1131 1127 1124 1120 1113 1104 1093 1083 1074 1067 1058 1046 1030 1010 991 975 962 952 942 932 922 912 903 894 886 879 873 866 857 847 837 828 819 808 797 783 766 747 725 704 689 681 674 663 652 648 647 644 636 628 620 611 601 591 579 568 556 545 535 526 520 516 513 512 510 509 508 507 505 500 494 484
1244 1240 1234 1226 1218 1211 1206 1202 1198 1193 1186 1179 1172 1169 1170 1173 1175 1174 1166 1154 1143 1135 1130 1126 1123 1118 1111 1101 1090 1082 1075 1067 1057 1044 1028 1009 990 974 962 951 941 932 921 911 901 892 883 874 867 860 851 841 832 823 814 804 793 780 764 746 726 705 689 682 679 675 668 662 656 649 641 632 623 613 603 591 580 568 556 546 537 530 525 522 520 519 517 516 515 512 510 505 498 488
1242 1238 1232 1225 1218 1212 1207 1203 1198 1192 1186 1179 1172 1168 1168 1171 1172 1169 1162 1150 1139 1132 1127 1124 1121 1116 1108 1098 1087 1080 1074 1064 1051 1039 1025 1007 990 975 963 953 944 935 925 914 904 894 884 874 865 858 848 838 828 819 810 800 788 775 760 744 725 707 692 683 681 681 679 674 667 659 649 640 630 620 609 597 584 572 560 550 542 536 532 530 528 527 526 525 523 520 517 512 504 495
1240 1236 1231 1226 1220 1215 1210 1206 1201 1194 1187 1180 1173 1168 1165 1166 1167 1164 1157 1146 1134 1127 1123 1121 1119 1113 1105 1095 1086 1079 1069 1056 1042 1030 1018 1005 991 977 967 958 950 942 932 922 912 901 890 879 869 860 850 839 828 818 809 798 786 772 757 742 726 711 697 688 684 685 687 685 678 669 659 649 640 630 619 606 593 580 568 558 550 545 541 540 538 538 537 536 534 530 525 519 511 500
1239 1235 1231 1227 1223 1219 1215 1210 1205 1198 1190 1183 1176 1168 1162 1161 1163 1161 1154 1142 1130 1122 1119 1118 1117 1111 1103 1095 1087 1076 1062 1047 1033 1021 1011 1002 992 981 972 965 959 951 943 933 924 912 901 888 877 867 857 845 834 824 813 801 787 773 758 743 728 716 705 698 693 694 696 694 687 677 666 657 649 641 631 619 605 591 579 569 561 556 553 551 551 550 550 548 545 540 533 524 515 504
1239 1236 1232 1228 1225 1222 1218 1213 1208 1201 1193 1186 1177 1168 1159 1155 1157 1157 1151 1140 1128 1118 1115 1115 1114 1110 1103 1096 1086 1071 1053 1037 1023 1014 1007 1001 993 985 979 974 969 963 956 947 937 926 914 901 889 879 868 856 844 834 822 809 793 777 762 748 735 725 716 711 707 706 706 703 694 683 673 664 658 652 644 633 619 604 591 581 573 568 564 563 563 563 562 560 554 547 538 527 516 504
1241 1236 1232 1228 1225 1222 1219 1214 1209 1203 1196 1188 1178 1168 1157 1150 1148 1150 1148 1139 1127 1116 1111 1111 1112 1109 1103 1094 1080 1062 1044 1029 1017 1010 1005 1001 995 989 986 983 980 976 969 961 951 940 928 915 903 892 880 868 856 845 833 818 801 784 769 756 746 737 731 726 723 720 717 711 702 691 681 673 668 663 656 645 631 617 604 594 585 580 576 575 575 574 573 568 560 551 539 527 515 503
1242 1236 1231 1227 1224 1220 1216 1212 1208 1203 1196 1188 1178 1167 1155 1146 1142 1143 1144 1138 1127 1116 1109 1108 1109 1107 1100 1088 1071 1055 1038 1025 1015 1009 1006 1002 998 995 994 993 991 988 982 974 965 953 941 928 916 904 891 878 867 855 842 826 810 793 779 768 759 752 747 742 738 734 728 721 711 701 692 684 679 674 666 656 643 629 617 606 598 591 587 586 584 582 579 572 563 551 538 525 513 501
1244 1237 1231 1226 1222 1217 1213 1209 1205 1200 1194 1186 1176 1165 1154 1144 1139 1139 1139 1135 1126 1116 1107 1105 1105 1103 1094 1080 1065 1050 1037 1025 1017 1013 1009 1006 1002 1002 1002 1003 1003 1001 995 987 977 964 952 939 926 913 899 886 874 862 848 833 817 802 790 780 773 767 762 758 753 746 740 731 721 711 701 693 688 683 675 665 653 640 628 617 608 602 597 594 591 587 581 573 562 549 536 523 511 501
1246 1237 1230 1225 1220 1215 1210 1205 1201 1196 1190 1182 1172 1162 1152 1143 1138 1136 1134 1129 1123 1115 1108 1105 1103 1098 1087 1074 1062 1051 1041 1031 1026 1022 1018 1013 1010 1011 1012 1014 1014 1013 1008 999 987 973 960 947 933 918 903 890 878 865 852 838 824 811 799 791 785 781 777 772 765 759 751 741 731 720 710 702 697 691 683 674 662 650 637 627 618 611 605 600 595 589 581 571 559 546 533 521 510 501
1249 1240 1232 1226 1219 1213 1207 1201 1196 1191 1185 1178 1169 1159 1149 1141 1136 1133 1128 1122 1118 1114 1110 1107 1103 1094 1083 1072 1063 1056 1048 1041 1037 1035 1030 1024 1020 1020 1022 1024 1024 1023 1018 1009 996 981 967 953 937 920 905 892 880 868 856 843 830 818 809 802 797 793 789 784 778 770 760 751 740 729 719 711 705 699 691 681 670 657 644 633 624 617 610 604 597 590 580 569 556 544 531 520 511 502
1253 1244 1236 1228 1220 1212 1205 1199 1193 1187 1181 1173 1165 1156 1146 1138 1134 1130 1124 1116 1113 1113 1112 1109 1102 1092 1082 1074 1068 1063 1058 1053 1050 1049 1044 1035 1029 1028 1029 1031 1031 1030 1025 1015 1002 987 972 957 939 921 907 894 882 871 861 850 838 827 819 812 808 804 801 795 788 780 770 759 748 738 728 720 713 705 697 687 676 662 649 637 628 620 612 606 598 589 579 567 554 541 530 519 510 503
1257 1248 1240 1231 1222 1213 1205 1198 1191 1185 1178 1170 1162 1154 1145 1138 1133 1130 1123 1115 1112 1112 1113 1109 1101 1092 1083 1078 1073 1069 1066 1062 1062 1061 1054 1043 1035 1032 1032 1033 1034 1032 1028 1018 1005 990 975 957 938 922 908 896 886 876 867 858 847 838 830 823 819 816 812 806 799 789 778 767 756 745 735 728 719 710 701 691 679 666 652 640 629 620 613 605 598 588 577 565 552 539 528 518 510 503
1259 1251 1242 1233 1224 1214 1206 1197 1190 1183 1175 1168 1161 1153 1146 1139 1135 1133 1127 1119 1115 1115 1115 1110 1101 1092 1085 1081 1078 1076 1072 1069 1070 1068 1060 1047 1038 1033 1032 1032 1032 1031 1027 1018 1005 990 975 957 939 924 911 900 891 884 876 867 858 849 840 834 829 826 822 816 807 797 785 773 761 749 740 732 723 713 704 693 681 667 653 640 629 620 612 604 597 587 576 563 549 537 526 517 510 503
1258 1251 1243 1234 1224 1214 1205 1196 1188 1181 1174 1167 1161 1154 1147 1141 1138 1137 1133 1127 1122 1120 1116 1108 1098 1090 1086 1084 1084 1081 1076 1073 1073 1071 1062 1049 1039 1032 1028 1025 1024 1024 1022 1015 1003 988 972 955 939 926 915 906 899 892 885 877 868 858 849 842 837 833 828 821 813 802 789 777 764 753 743 735 725 714 704 694 681 668 654 640 629 619 611 603 595 586 575 561 547 534 523 515 509 504
1256 1249 1241 1232 1223 1213 1203 1194 1186 1180 1173 1167 1160 1155 1149 1143 1140 1140 1140 1136 1129 1122 1112 1101 1092 1088 1086 1086 1086 1082 1076 1074 1075 1073 1064 1052 1040 1030 1021 1015 1012 1012 1012 1007 997 983 967 951 937 927 919 912 906 900 894 885 876 865 855 846 840 835 829 823 815 804 791 779 766 755 746 737 726 714 703 692 680 668 654 641 629 618 609 601 593 584 573 559 545 532 522 515 509 505
1254 1247 1239 1229 1219 1209 1200 1191 1184 1178 1172 1166 1160 1155 1150 1146 1143 1143 1144 1140 1129 1115 1102 1091 1086 1085 1085 1084 1080 1075 1071 1072 1075 1075 1068 1056 1041 1026 1013 1004 1000 999 999 995 988 977 963 948 935 926 918 911 906 903 897 889 879 868 856 846 839 833 827 820 811 801 790 778 767 756 747 737 725 713 702 690 678 666 653 641 629 618 608 600 591 581 570 557 544 532 522 516 511 508
1251 1243 1235 1225 1215 1205 1196 1189 1182 1176 1170 1165 1159 1154 1150 1147 1146 1146 1143 1134 1118 1102 1088 1079 1076 1076 1076 1072 1065 1060 1061 1067 1074 1076 1070 1057 1039 1022 1007 998 992 989 987 983 977 970 960 947 934 923 914 906 901 898 895 888 877 865 853 842 834 827 820 812 804 795 786 775 764 754 745 735 723 711 699 688 676 664 652 640 629 618 607 597 588 578 567 555 543 533 524 518 514 510
1248 1240 1232 1222 1212 1202 1194 1186 1180 1175 1170 1164 1159 1153 1150 1149 1149 1145 1135 1121 1104 1088 1074 1063 1057 1054 1051 1046 1040 1041 1049 1061 1071 1075 1070 1056 1038 1021 1006 995 987 981 976 972 967 963 955 944 931 920 909 898 892 889 887 881 871 859 847 836 826 818 810 803 795 787 778 768 758 750 741 731 719 707 696 685 674 662 650 638 627 616 605 595 585 575 565 554 544 535 527 522 516 512
1246 1238 1230 1221 1211 1202 1193 1186 1181 1176 1171 1165 1158 1153 1150 1150 1146 1138 1124 1108 1093 1079 1063 1047 1034 1026 1022 1017 1015 1023 1039 1056 1068 1071 1065 1052 1036 1021 1007 994 983 975 969 964 961 957 951 941 928 915 903 892 883 878 876 870 861 849 838 827 817 808 800 792 785 777 769 760 751 743 735 724 714 703 692 682 670 659 648 636 624 612 602 592 582 573 564 555 546 538 531 524 518 513
1246 1238 1230 1222 1214 1205 1196 1189 1183 1179 1174 1167 1160 1154 1149 1144 1136 1125 1112 1099 1088 1076 1060 1039 1023 1012 1005 999 999 1011 1032 1053 1064 1065 1058 1048 1035 1021 1006 992 980 970 963 959 955 950 945 936 925 912 899 886 875 867 862 856 847 838 828 818 808 799 791 783 776 768 759 750 742 735 727 717 707 697 687 677 667 656 644 632 620 608 598 588 579 571 564 556 549 541 534 527 520 513
1249 1240 1233 1227 1220 1212 1203 1195 1189 1184 1178 1171 1163 1154 1144 1134 1123 1113 1103 1095 1087 1080 1066 1046 1027 1012 1001 995 996 1008 1029 1049 1059 1058 1051 1042 1032 1019 1005 991 977 965 958 953 949 942 935 928 919 907 894 879 866 856 847 840 833 825 817 809 800 792 784 777 769 760 751 741 733 726 718 709 700 691 682 672 662 652 640 628 616 604 595 586 578 571 565 559 552 545 537 529 521 513
1256 1247 1241 1235 1230 1222 1213 1204 1197 1190 1184 1176 1166 1154 1140 1125 1112 1104 1098 1093 1090 1086 1078 1063 1042 1020 1004 996 998 1011 1031 1048 1055 1052 1045 1036 1027 1016 1003 988 974 961 952 946 940 932 923 915 907 897 884 869 855 842 832 825 819 814 808 802 794 788 780 772 764 754 744 733 724 717 709 701 692 685 677 668 658 648 637 625 613 602 593 585 579 573 568 562 556 548 540 531 522 514
