Peta/Sinjai Tengah/tengah2.asc
ncols         159
nrows         182
xllcorner     432018.50213
yllcorner     -18777.58964
cellsize      1
nodata_value  -9999
[rows 126 to 167 of 182, columns 0 to 93 of 159]
699 701 704 708 709 710 708 705 704 707 711 715 717 717 714 711 707 703 700 696 692 687 680 672 663 652 642 633 625 620 617 616 618 623 628 633 637 638 638 639 640 642 645 647 649 649 647 642 634 624 614 605 594 581 568 556 544 533 521 508 497 487 480 475 473 473 474 477 481 487 494 504 517 533 548 562 571 575 574 571 568 564 562 562 564 568 571 574 575 562 536 510 496 500
707 710 713 715 716 715 712 709 709 712 716 719 720 719 717 714 711 708 706 703 699 695 689 683 676 669 661 654 647 642 639 636 637 639 644 648 651 652 652 651 651 652 652 653 653 651 648 642 635 625 616 607 596 582 568 555 542 529 517 505 496 490 487 486 487 489 492 496 502 510 519 529 540 551 563 572 578 579 577 573 568 565 563 563 567 571 574 577 576 562 535 509 497 500
714 717 719 720 720 719 716 712 712 715 718 720 720 718 716 714 713 711 709 705 701 697 693 688 684 680 675 671 667 662 657 653 651 651 654 657 660 660 660 659 658 658 658 657 655 653 648 642 634 626 618 609 597 583 568 554 539 525 511 500 493 491 493 497 501 506 511 519 528 538 547 555 562 569 576 581 584 582 579 574 571 567 566 567 570 574 578 580 578 564 537 513 502 505
719 720 722 722 722 721 717 714 714 716 719 719 718 716 715 714 713 712 709 705 700 695 691 688 686 685 684 682 680 676 670 665 661 659 659 662 664 664 664 663 663 663 662 660 658 654 648 641 634 626 619 610 598 584 568 553 537 520 505 495 490 491 498 506 515 523 532 541 552 564 572 578 582 584 587 589 588 586 582 577 573 571 570 571 575 578 581 583 581 568 543 520 509 511
721 721 722 722 721 719 717 716 716 717 718 717 716 714 713 712 712 712 708 703 697 692 687 685 684 685 686 686 685 683 678 673 667 664 663 664 666 666 666 666 666 666 664 662 659 654 648 641 633 626 619 610 597 583 568 551 534 517 502 492 489 493 504 516 529 540 550 562 574 585 592 596 597 596 595 594 592 588 584 579 576 574 574 575 578 581 583 586 586 576 554 532 520 520
723 720 720 719 718 716 716 716 717 718 718 716 713 712 711 711 712 711 708 702 695 689 683 680 680 681 683 685 685 684 681 676 670 667 666 666 667 668 668 668 668 667 665 662 658 652 646 639 631 624 617 607 595 581 565 549 532 515 500 492 491 499 513 528 543 556 567 579 590 600 607 608 607 604 601 598 594 590 585 580 577 576 576 578 580 583 586 591 594 589 572 552 540 536
724 720 718 717 716 716 717 718 719 718 717 714 712 711 710 711 712 711 708 703 696 688 682 678 676 677 679 681 683 683 681 678 674 670 669 668 669 669 669 668 668 666 663 659 654 648 642 636 628 620 613 602 589 575 561 545 529 513 501 495 498 509 525 542 558 572 584 594 604 612 616 616 613 609 604 599 595 590 585 582 580 579 580 582 584 588 592 598 605 606 596 579 566 559
725 721 719 717 717 717 718 719 719 718 716 713 711 710 710 711 713 713 711 706 700 692 685 680 677 677 678 679 681 682 681 679 677 673 672 671 671 671 670 668 665 661 657 652 646 640 635 629 622 614 605 594 580 567 553 539 525 512 503 502 509 523 541 559 575 589 599 607 615 620 622 621 617 611 604 599 593 589 585 583 583 584 586 588 591 595 601 610 619 625 620 607 595 588
725 722 720 719 719 719 719 719 718 716 714 712 711 710 712 713 714 715 715 712 706 699 692 687 684 682 682 683 683 684 683 681 679 677 675 674 673 672 670 666 660 654 647 640 634 629 624 619 611 603 593 580 568 556 544 532 520 510 506 510 521 538 558 577 592 605 613 620 624 627 626 623 617 610 604 598 593 589 586 586 587 590 593 596 600 606 613 623 634 641 640 632 623 619
726 724 722 721 721 720 719 718 716 714 713 712 711 711 713 715 716 718 719 718 714 709 703 697 694 692 692 691 690 688 687 684 682 680 678 676 674 672 668 662 653 644 635 626 620 614 609 603 596 587 576 564 553 543 534 524 514 509 509 517 533 553 575 594 609 619 626 630 631 630 627 622 615 608 602 596 593 591 590 592 595 599 602 606 611 618 626 635 645 654 657 652 646 645
726 725 724 724 722 721 720 718 716 714 712 711 711 713 715 717 719 722 724 724 722 717 712 708 705 703 702 701 697 694 691 688 685 683 681 678 675 670 664 655 644 632 621 611 603 597 591 584 575 566 556 546 537 530 522 514 508 506 511 523 543 566 588 608 622 631 636 637 636 632 626 619 612 605 599 595 594 594 596 600 604 609 613 618 623 629 637 645 655 664 667 663 659 659
727 727 727 726 724 722 721 719 717 715 713 713 713 715 717 719 722 726 728 729 727 724 720 716 714 713 711 709 704 700 695 691 688 686 682 678 673 666 658 647 633 619 605 594 586 579 570 561 552 543 535 528 523 517 512 506 503 504 512 528 550 574 597 617 632 640 644 642 638 631 623 615 607 601 596 594 595 599 603 609 615 621 625 629 633 639 645 652 660 667 668 666 664 662
728 729 729 729 727 725 723 721 718 716 715 714 715 717 719 722 726 730 732 732 731 728 725 721 719 718 716 713 709 704 699 695 691 688 683 677 670 662 650 637 621 605 589 578 569 560 550 539 531 524 518 514 511 507 503 500 498 502 513 530 553 578 602 623 638 646 648 644 637 628 618 609 602 596 593 593 597 602 610 618 626 632 637 641 643 647 651 656 662 666 667 666 665 663
730 732 732 732 730 729 726 724 722 720 718 717 718 720 723 726 730 733 734 733 732 729 726 723 721 720 718 715 711 707 703 699 695 690 683 675 666 654 641 624 607 590 575 563 554 543 531 521 515 511 507 504 502 500 497 495 496 502 514 532 555 580 604 625 639 647 647 642 633 623 612 603 596 591 590 592 597 605 615 626 635 642 648 651 652 653 655 658 662 665 666 666 665 663
733 735 736 735 734 732 730 727 725 723 721 721 722 724 727 730 734 735 735 734 731 728 725 722 721 720 719 716 713 710 706 703 699 692 683 672 659 645 628 611 594 578 563 550 539 528 517 509 505 503 501 500 499 497 496 495 498 505 518 536 558 582 605 624 638 644 643 636 627 616 605 597 591 588 587 591 598 608 620 632 642 650 655 658 659 658 658 659 662 665 666 666 665 663
737 739 739 739 737 735 733 730 728 726 725 725 727 729 731 734 736 737 736 733 731 727 724 721 720 719 718 717 715 713 711 708 703 695 682 665 649 632 614 597 582 566 551 538 527 517 509 504 502 501 501 501 501 501 500 502 506 514 526 542 563 585 606 623 635 640 637 629 619 608 598 591 587 586 586 591 600 612 624 636 647 655 660 663 663 662 661 661 663 665 666 665 664 663
740 741 741 741 739 737 734 732 730 728 729 730 732 734 736 737 738 737 736 733 730 726 723 721 719 718 718 718 717 716 715 713 708 697 679 658 638 620 602 586 570 554 539 527 518 511 505 502 502 503 505 507 508 509 510 513 518 527 539 553 571 590 609 624 633 635 631 622 611 601 594 588 585 585 587 594 605 617 629 641 650 657 662 665 666 665 664 664 666 667 666 665 664 663
742 742 742 741 740 738 736 733 731 731 732 734 736 738 739 739 738 737 736 733 730 726 723 721 720 720 719 719 720 720 720 718 711 697 677 655 634 615 596 579 562 545 531 521 514 509 504 503 504 507 511 514 517 520 523 527 534 543 554 567 583 599 615 626 632 632 626 617 607 598 591 587 586 586 591 599 610 622 634 644 652 659 663 665 666 667 667 669 670 669 667 666 665 664
743 743 742 741 740 739 737 735 733 733 734 737 740 742 742 740 739 737 736 733 730 727 725 723 722 721 721 721 722 723 723 721 714 699 681 661 641 620 600 581 562 544 530 520 513 508 505 505 507 511 516 521 526 530 536 543 551 561 572 584 597 611 623 631 633 631 625 616 607 598 592 589 588 590 596 605 616 628 639 648 655 660 663 665 667 670 673 675 674 670 667 667 666 665
744 744 743 742 741 740 738 736 735 735 737 739 741 743 743 742 740 738 737 734 732 730 727 726 725 724 724 724 724 725 725 724 717 705 690 673 654 632 611 590 570 551 537 525 516 510 508 508 510 514 519 525 531 538 546 556 567 579 591 602 613 624 632 636 636 632 626 617 609 601 595 592 592 594 600 610 620 632 642 650 657 661 664 666 669 673 679 681 678 671 668 668 667 666
747 746 746 745 744 742 740 739 738 737 738 739 741 743 743 742 741 739 738 736 734 732 730 729 728 727 727 727 727 727 726 725 720 711 698 683 665 644 622 601 581 562 546 533 522 515 512 512 514 517 521 527 533 542 553 566 581 595 608 619 629 636 641 642 640 634 627 619 611 604 598 595 595 598 605 614 624 636 645 653 659 663 666 668 672 679 683 683 678 672 669 668 667 666
751 751 750 748 746 745 743 741 740 739 739 740 741 742 743 743 742 741 740 738 736 734 733 731 730 730 730 729 729 728 726 724 720 713 701 687 670 651 631 611 591 573 557 542 530 521 517 517 518 520 523 527 533 543 556 573 591 607 622 633 641 646 648 647 642 636 628 620 612 605 600 598 598 601 608 617 628 639 648 656 662 666 668 672 677 682 682 678 675 673 670 669 668 667
756 757 755 752 749 747 745 743 742 740 739 740 741 742 743 744 744 743 742 740 738 736 734 732 732 732 731 731 730 728 726 724 720 712 702 689 673 655 637 619 601 583 567 552 538 529 524 522 521 521 523 526 531 541 556 575 596 615 631 643 649 652 652 649 643 635 628 620 612 605 601 599 600 604 611 620 631 642 652 659 664 668 671 676 681 681 678 674 673 673 671 669 668 667
762 762 760 756 753 750 747 745 744 742 741 741 741 743 744 745 745 745 743 742 739 737 734 732 732 731 731 731 730 728 726 723 718 710 699 686 671 655 639 622 604 588 573 558 545 535 529 526 525 524 524 525 529 539 555 576 598 619 636 647 653 654 652 648 641 633 625 617 610 604 601 600 601 606 614 624 636 647 656 662 667 671 675 680 683 680 676 674 674 673 671 669 667 666
766 766 763 760 755 752 749 748 746 745 744 743 744 745 746 747 747 746 744 742 740 737 734 732 731 730 730 729 728 726 724 720 715 706 693 678 662 647 632 616 600 585 571 559 548 538 533 529 527 525 525 525 529 538 554 575 598 619 636 646 651 652 649 643 636 628 619 611 606 601 599 599 601 607 616 627 640 651 659 665 669 673 677 682 684 681 678 676 675 674 671 668 666 665
769 768 765 761 757 754 752 750 749 747 746 746 747 747 748 748 747 746 745 742 740 737 734 731 729 727 727 726 724 722 719 715 709 699 684 665 647 631 618 604 590 576 564 553 545 540 535 532 529 528 527 528 531 539 554 574 596 617 633 642 645 644 641 634 626 617 609 603 598 596 596 598 602 608 618 630 643 654 662 668 671 674 679 684 687 685 681 678 676 674 671 668 666 664
770 769 766 762 759 756 754 752 751 750 749 748 749 749 749 748 747 746 745 742 739 736 733 729 726 724 723 721 718 715 710 705 698 687 670 649 630 615 602 590 577 566 555 547 543 539 536 533 532 531 531 533 536 543 556 575 595 614 627 635 636 632 626 617 608 601 595 592 591 592 594 597 602 609 620 633 645 656 665 670 673 676 680 686 689 686 682 679 677 674 671 669 666 664
770 768 765 762 759 757 756 754 752 751 750 750 750 750 750 749 747 746 745 742 739 736 731 727 723 720 717 714 709 703 696 689 681 669 651 631 612 598 586 576 566 557 548 542 539 538 536 535 535 536 537 539 542 549 561 577 595 611 622 625 620 610 599 589 580 576 579 583 586 590 594 599 604 611 622 635 648 658 667 673 676 678 682 687 687 684 681 680 677 675 672 669 666 664
768 766 763 760 759 757 756 755 754 752 752 751 751 750 750 749 748 747 746 743 740 735 730 725 720 714 709 704 697 687 677 668 659 646 628 609 593 580 571 563 556 549 543 538 536 536 537 538 539 541 543 546 550 557 567 581 596 610 617 614 600 583 569 557 550 551 562 576 585 592 597 603 609 617 627 638 650 660 669 674 677 680 683 686 685 684 682 681 678 675 673 670 667 664
765 764 762 760 758 758 758 757 756 755 753 752 752 751 751 750 749 748 746 743 739 734 728 721 714 707 699 690 680 669 656 645 634 621 604 587 574 564 558 554 548 542 537 534 534 535 537 540 543 545 548 551 556 564 574 587 600 611 615 607 587 567 552 541 536 539 555 575 590 599 606 612 618 625 633 642 652 661 670 676 679 682 685 686 685 684 683 682 679 676 674 671 668 665
763 763 761 759 759 760 760 760 759 757 755 754 753 753 752 752 751 749 747 743 738 732 724 716 706 696 685 674 662 650 637 623 610 596 581 568 558 552 549 546 541 536 533 532 533 536 540 544 546 548 551 555 561 569 580 592 604 614 617 609 589 569 554 545 542 548 565 586 601 612 620 626 631 635 640 646 654 662 669 676 680 683 686 687 686 685 685 683 680 678 675 672 669 666
761 762 761 760 761 762 763 763 762 760 757 756 755 755 755 754 753 751 747 742 736 728 719 708 696 682 667 653 641 630 616 601 587 575 564 556 549 545 542 539 536 533 532 533 535 540 545 548 550 552 554 558 565 574 584 596 608 617 622 617 602 584 571 564 564 572 586 602 616 627 635 641 644 646 647 649 654 660 667 675 680 684 686 688 688 686 685 684 682 679 676 673 670 666
761 762 762 762 762 764 765 765 763 761 759 758 757 758 758 757 756 753 746 739 730 721 710 697 682 664 646 630 618 607 594 581 569 560 554 549 545 541 538 537 535 535 536 538 542 547 552 555 556 556 557 560 567 576 587 599 611 620 627 627 618 606 595 589 591 598 608 620 631 642 650 656 659 659 655 652 653 657 664 672 679 683 686 688 689 688 686 685 683 680 677 674 671 666
762 764 764 764 764 764 765 765 763 761 759 758 759 760 761 761 758 753 745 734 721 709 697 682 664 644 626 610 597 586 576 566 558 552 549 546 543 541 540 540 541 543 545 549 553 559 563 564 563 561 561 563 569 578 590 602 613 624 631 634 631 623 615 610 611 616 624 634 645 655 663 671 677 676 666 656 652 655 661 669 677 683 686 689 690 689 687 686 684 681 678 675 671 667
763 765 766 766 765 764 764 763 761 759 757 757 759 761 763 763 760 753 742 726 709 694 681 665 648 629 610 594 581 571 563 557 552 549 548 546 546 547 548 550 553 556 560 565 570 575 577 577 573 568 565 567 572 581 592 604 616 628 637 640 639 633 627 623 624 629 637 647 656 665 675 688 698 695 679 662 653 654 661 669 677 683 687 691 692 691 689 687 685 682 679 676 672 668
764 766 768 768 766 764 763 761 759 756 755 756 758 761 763 763 759 752 738 719 699 682 668 653 635 616 598 582 570 562 557 555 552 550 550 551 554 558 562 566 570 575 579 584 590 594 594 591 584 576 571 571 575 583 594 606 620 634 644 648 647 642 635 632 634 640 648 657 665 672 684 699 710 706 687 666 655 656 663 671 679 685 690 695 697 694 690 688 686 683 680 677 673 669
765 767 769 770 768 765 763 760 758 755 754 755 757 760 762 762 758 749 735 716 695 677 661 645 626 605 588 574 565 559 557 556 556 556 558 562 567 573 579 584 589 594 600 605 610 614 612 605 595 584 577 574 577 585 596 610 626 641 652 658 658 651 644 640 641 648 656 665 671 676 685 699 707 703 685 668 659 661 668 676 683 688 694 700 703 699 693 689 687 685 681 678 674 671
766 767 769 770 770 768 764 761 758 756 755 755 757 759 760 760 755 746 731 712 692 672 655 637 616 596 582 572 566 562 561 561 563 568 573 580 587 594 600 605 610 616 620 624 629 632 629 619 606 592 582 578 581 589 600 615 631 648 662 669 668 658 647 640 641 650 660 668 673 676 681 688 693 689 677 667 665 668 675 681 686 691 697 704 708 702 694 690 688 685 682 678 674 672
766 767 768 769 771 769 766 763 760 758 756 756 756 757 757 755 750 740 724 705 685 665 646 627 607 591 580 574 570 567 567 571 577 586 595 603 611 618 623 628 633 637 639 640 645 648 644 633 617 600 587 582 584 592 604 617 632 650 669 678 674 659 642 632 633 644 658 668 673 675 676 676 677 675 670 669 671 676 681 686 690 694 700 707 709 702 694 690 687 683 680 677 674 674
765 765 765 767 769 770 768 765 763 760 758 756 754 753 751 748 742 731 715 695 674 654 635 618 601 589 581 577 574 574 577 584 594 605 615 625 633 640 645 649 653 654 652 651 655 660 657 644 626 607 592 586 588 595 604 614 626 646 668 680 674 657 639 626 623 632 648 663 671 673 673 671 670 670 671 673 677 682 686 689 692 696 703 708 707 700 694 689 685 681 678 675 673 675
761 762 764 765 767 768 769 768 766 762 758 754 751 748 744 739 731 719 702 683 662 642 624 609 597 588 582 580 579 582 588 598 610 621 632 643 652 659 664 667 669 666 660 657 661 667 665 653 634 613 598 590 591 595 601 609 621 642 664 677 673 657 641 627 620 623 635 653 667 672 672 670 669 671 675 679 683 687 690 692 694 698 704 707 704 698 694 689 684 679 677 675 674 677
759 761 764 766 767 767 768 769 767 762 756 751 745 740 734 727 717 705 688 670 650 631 615 602 593 587 583 582 585 589 598 609 622 634 646 658 668 676 680 682 682 676 667 662 665 671 669 658 639 618 603 596 594 594 598 607 619 639 662 675 670 655 640 629 622 620 626 641 658 669 672 671 671 674 679 684 689 692 694 694 696 699 705 706 702 697 693 688 683 678 677 678 679 681
