Peta/Sinjai Tengah/tengah2.asc
ncols         159
nrows         182
xllcorner     432018.50213
yllcorner     -18777.58964
cellsize      1
nodata_value  -9999
[rows 42 to 83 of 182, columns 0 to 93 of 159]
1266 1257 1251 1246 1241 1234 1224 1213 1206 1200 1191 1180 1168 1156 1140 1122 1107 1099 1096 1095 1094 1093 1088 1078 1060 1035 1014 1001 1001 1015 1035 1050 1053 1049 1040 1031 1021 1010 998 984 970 957 947 940 932 922 911 900 890 881 869 855 840 827 817 811 807 803 799 795 789 783 777 770 761 751 739 727 717 709 701 693 686 679 672 663 654 644 634 623 612 602 593 586 580 575 571 566 559 551 543 534 524 514
1276 1268 1261 1257 1252 1244 1233 1223 1215 1208 1197 1183 1171 1160 1145 1126 1108 1098 1096 1097 1097 1097 1094 1087 1073 1052 1029 1011 1009 1021 1039 1052 1053 1047 1037 1026 1015 1004 991 978 965 954 945 937 926 914 901 887 874 864 855 842 827 815 806 800 796 792 788 785 782 778 774 768 759 747 734 722 711 703 695 686 679 673 666 658 649 640 631 621 612 603 595 589 583 578 574 569 562 554 546 536 526 516
1286 1278 1271 1266 1261 1252 1241 1230 1222 1213 1199 1185 1173 1163 1150 1130 1110 1099 1097 1097 1097 1097 1094 1089 1079 1064 1045 1028 1023 1032 1045 1054 1053 1045 1034 1021 1009 997 985 973 962 953 945 935 923 910 895 880 865 854 845 833 820 808 799 792 786 780 777 774 772 771 768 763 754 743 730 717 706 697 688 679 672 666 660 652 644 636 627 618 610 603 596 590 585 580 575 570 564 557 548 539 528 516
1293 1285 1279 1273 1266 1257 1246 1236 1227 1214 1198 1184 1174 1164 1149 1128 1110 1100 1097 1096 1095 1093 1090 1085 1078 1068 1056 1045 1040 1044 1052 1056 1053 1043 1030 1016 1003 989 978 967 959 953 944 933 921 908 893 878 864 852 843 832 818 806 795 786 777 770 764 761 760 760 759 755 747 736 723 710 700 690 680 671 664 658 651 644 636 629 621 613 606 600 593 588 583 578 573 569 563 557 548 539 528 516
1297 1290 1283 1276 1268 1259 1249 1240 1231 1216 1198 1184 1174 1162 1144 1123 1107 1100 1097 1094 1090 1086 1082 1078 1072 1066 1059 1054 1053 1055 1057 1057 1051 1039 1025 1010 995 983 972 964 957 952 944 933 922 909 895 881 868 858 848 836 821 807 794 782 771 761 753 749 748 748 748 744 737 727 714 702 692 682 672 662 655 648 641 634 627 620 612 606 600 593 588 583 578 573 569 564 559 553 545 536 526 515
1299 1292 1285 1277 1268 1259 1250 1242 1232 1217 1198 1183 1172 1160 1141 1121 1108 1102 1097 1091 1084 1078 1073 1068 1063 1058 1054 1053 1056 1060 1061 1057 1047 1033 1017 1002 990 980 971 963 958 952 944 934 923 912 899 887 876 866 856 843 827 811 796 781 767 754 745 740 737 736 734 731 725 715 704 693 684 674 662 652 643 636 629 622 616 609 602 596 590 585 580 575 570 566 561 557 552 547 539 531 522 512
1300 1294 1286 1277 1268 1259 1249 1241 1231 1218 1199 1181 1169 1155 1138 1121 1111 1105 1098 1089 1078 1069 1061 1056 1052 1048 1045 1045 1050 1056 1058 1051 1039 1023 1007 996 988 981 972 964 958 951 943 935 924 914 903 892 884 875 865 852 835 816 798 781 765 751 740 732 727 724 720 716 710 702 692 684 676 665 653 642 632 624 616 610 604 598 591 585 579 575 570 566 561 556 552 548 543 537 531 524 516 509
1300 1294 1286 1277 1268 1258 1249 1239 1230 1218 1199 1180 1164 1150 1135 1124 1117 1110 1100 1088 1074 1060 1050 1043 1038 1034 1032 1033 1038 1045 1047 1040 1027 1011 996 988 985 982 973 964 957 951 943 934 924 913 903 895 890 884 874 860 841 821 800 781 763 748 735 725 719 713 708 703 696 688 681 675 668 657 645 633 622 613 605 599 593 587 580 574 569 564 560 556 552 547 543 538 533 528 522 517 512 507
1298 1293 1285 1277 1268 1258 1248 1238 1228 1216 1200 1182 1164 1149 1137 1129 1123 1115 1103 1088 1071 1054 1040 1030 1024 1021 1019 1020 1025 1031 1032 1025 1013 999 987 981 981 978 970 962 956 951 943 933 920 907 897 894 894 890 880 865 847 825 802 780 761 745 731 720 712 704 697 690 684 677 672 668 661 651 639 627 615 605 596 589 582 576 570 563 559 554 550 547 543 539 534 529 524 519 515 512 509 506
1295 1291 1285 1276 1267 1257 1248 1238 1226 1212 1200 1186 1170 1154 1143 1136 1129 1120 1107 1090 1070 1050 1033 1021 1013 1010 1008 1009 1012 1016 1016 1010 1001 991 982 977 976 974 967 960 955 949 940 929 914 898 889 890 894 892 883 869 850 827 802 778 759 742 727 715 705 696 687 680 673 668 664 661 656 647 636 624 611 599 589 580 573 566 560 554 549 544 541 538 535 532 528 523 518 514 511 510 509 508
1292 1289 1283 1275 1266 1257 1248 1237 1224 1211 1201 1191 1177 1161 1150 1143 1136 1126 1112 1093 1072 1050 1031 1017 1008 1004 1003 1002 1004 1005 1001 995 988 983 977 973 971 969 964 957 952 944 934 922 907 892 884 885 890 889 881 868 851 828 801 776 755 737 721 709 698 687 679 671 665 660 658 656 653 645 635 623 609 596 584 574 565 558 552 546 541 536 533 531 529 527 524 520 515 512 511 511 512 512
1288 1284 1279 1273 1265 1256 1247 1237 1225 1213 1204 1195 1181 1167 1156 1150 1143 1133 1118 1098 1076 1054 1035 1020 1010 1006 1004 1003 1002 999 992 984 977 973 968 965 964 962 958 953 946 937 926 914 900 887 880 881 883 881 872 861 847 826 800 774 751 731 715 702 690 680 670 663 657 654 652 652 649 643 634 622 608 594 581 569 559 552 546 540 535 530 527 525 525 524 523 520 517 514 514 515 516 517
1280 1276 1273 1268 1261 1254 1246 1238 1228 1217 1209 1199 1185 1172 1162 1156 1149 1140 1125 1106 1084 1062 1043 1028 1019 1014 1012 1010 1007 1000 989 978 969 962 957 954 953 952 949 944 938 929 919 906 893 882 876 875 875 869 859 850 837 819 795 770 746 725 708 694 683 672 662 655 649 646 646 646 644 639 632 621 607 593 578 565 555 548 543 537 532 527 523 523 523 524 524 523 521 519 519 520 521 520
1267 1266 1264 1260 1255 1249 1245 1239 1231 1222 1213 1202 1188 1177 1168 1161 1154 1146 1132 1115 1094 1073 1055 1041 1032 1026 1024 1022 1018 1007 993 978 965 955 948 943 940 939 937 933 927 920 912 903 889 876 869 867 865 857 847 837 823 805 785 763 740 719 701 687 675 664 654 646 640 638 639 639 637 634 627 617 604 590 575 562 553 546 541 536 531 526 523 522 523 525 527 528 526 525 524 524 523 521
1255 1257 1256 1252 1247 1244 1242 1239 1232 1223 1214 1203 1192 1181 1172 1165 1158 1150 1138 1122 1104 1085 1068 1055 1046 1041 1039 1037 1031 1018 1001 983 967 955 944 936 931 929 926 921 916 910 905 899 886 871 861 858 856 848 837 824 808 789 770 751 732 713 695 680 668 657 647 638 632 629 630 630 629 625 620 611 599 586 572 561 552 546 541 536 532 527 524 523 525 528 531 532 531 530 527 524 521 517
1247 1249 1248 1244 1240 1238 1237 1233 1226 1220 1212 1204 1195 1186 1177 1168 1160 1152 1142 1128 1112 1096 1081 1069 1061 1056 1053 1051 1044 1029 1010 991 974 959 945 934 927 923 918 913 906 901 897 893 881 866 856 853 849 840 826 810 792 773 755 738 722 706 689 674 662 651 641 632 625 622 622 622 620 616 611 603 592 581 569 559 552 546 542 538 533 529 526 526 529 532 535 537 536 532 527 521 515 509
1235 1237 1239 1238 1234 1231 1227 1222 1218 1214 1210 1205 1198 1188 1179 1169 1160 1152 1143 1132 1119 1104 1091 1080 1074 1070 1067 1063 1054 1039 1021 1002 983 966 950 937 927 920 914 907 899 893 888 884 874 861 852 847 840 827 811 794 776 759 742 728 713 698 683 669 657 646 636 628 622 619 617 615 612 607 602 595 586 577 567 558 552 547 543 539 535 532 529 530 533 536 540 540 538 533 525 516 507 498
1219 1221 1226 1228 1226 1220 1214 1210 1208 1207 1206 1203 1197 1188 1178 1168 1159 1151 1143 1133 1121 1109 1099 1091 1086 1082 1078 1071 1061 1048 1031 1013 994 976 959 944 933 923 914 904 895 887 880 875 866 855 846 839 828 812 795 777 762 747 733 720 705 691 677 664 653 642 633 625 620 617 614 610 606 601 596 589 582 574 566 558 553 548 545 542 538 535 534 534 537 540 543 542 539 531 520 508 495 483
1199 1203 1210 1214 1212 1206 1201 1199 1198 1199 1199 1197 1192 1185 1175 1165 1156 1147 1139 1131 1120 1110 1103 1097 1092 1087 1082 1075 1066 1053 1040 1023 1005 986 968 953 941 930 918 906 895 886 877 869 859 849 839 829 815 798 781 764 751 738 725 711 696 683 671 659 649 639 631 624 619 617 613 608 603 598 592 586 579 572 565 559 554 551 547 545 542 540 539 540 542 544 545 544 538 527 513 497 481 466
1182 1187 1192 1196 1196 1194 1190 1188 1188 1189 1189 1187 1183 1178 1170 1160 1151 1143 1135 1126 1117 1109 1103 1097 1092 1088 1083 1077 1069 1059 1047 1033 1015 996 977 961 949 937 923 910 898 888 878 867 855 843 832 819 804 787 771 756 744 732 718 702 688 676 665 656 646 638 630 624 620 618 614 609 604 598 591 585 579 573 567 561 557 554 552 550 548 546 545 546 547 548 548 544 536 522 505 485 466 449
1166 1171 1175 1179 1182 1183 1181 1179 1178 1177 1177 1175 1172 1168 1163 1154 1146 1139 1132 1123 1113 1105 1097 1092 1089 1086 1083 1078 1071 1063 1053 1041 1025 1005 985 967 953 940 927 913 901 890 880 866 851 838 825 812 796 779 764 752 742 728 712 697 684 673 663 654 645 637 630 625 622 620 617 613 607 600 594 588 582 576 570 566 563 560 558 556 554 553 552 552 552 552 550 544 534 517 496 474 452 434
1149 1156 1161 1165 1169 1172 1173 1171 1168 1166 1166 1165 1163 1159 1154 1147 1140 1134 1128 1119 1108 1098 1089 1084 1084 1084 1082 1078 1072 1064 1056 1046 1031 1011 989 970 955 942 929 915 901 890 878 863 848 834 821 807 792 776 762 751 741 727 710 695 683 673 664 655 647 640 633 629 626 624 622 618 611 605 598 591 585 580 576 572 569 567 565 563 560 558 557 555 555 553 551 544 531 513 490 466 443 424
1134 1143 1149 1153 1157 1162 1165 1164 1162 1160 1160 1160 1156 1151 1144 1138 1134 1129 1123 1113 1102 1091 1082 1077 1078 1080 1080 1076 1070 1064 1057 1048 1033 1012 990 970 955 943 931 917 902 888 873 859 845 832 819 805 790 776 762 752 742 728 712 698 686 676 668 660 652 645 639 634 632 630 628 623 617 610 603 596 590 586 582 579 576 574 571 569 566 563 560 558 556 553 549 542 528 510 487 463 440 420
1120 1131 1139 1144 1147 1151 1154 1157 1158 1159 1158 1155 1149 1140 1133 1129 1126 1122 1116 1107 1096 1085 1076 1072 1073 1075 1076 1072 1067 1061 1055 1047 1032 1011 989 969 952 940 931 919 903 887 871 856 843 831 818 805 791 778 766 757 746 733 718 705 694 684 675 667 660 653 647 643 640 637 634 629 624 617 609 603 597 593 590 587 583 580 577 574 570 567 563 560 557 552 547 538 525 507 486 462 439 418
1108 1120 1129 1134 1137 1139 1142 1147 1153 1155 1152 1146 1137 1127 1120 1118 1118 1116 1110 1101 1090 1079 1071 1066 1067 1069 1069 1066 1062 1057 1051 1043 1030 1010 987 966 949 937 930 921 907 889 872 857 844 832 819 807 794 783 774 765 754 740 727 715 705 695 686 678 671 664 659 654 651 647 643 638 632 625 618 612 607 602 598 594 590 586 582 578 574 569 565 561 555 549 543 533 521 504 484 461 438 416
1095 1108 1118 1123 1126 1128 1130 1135 1141 1143 1139 1131 1123 1115 1110 1110 1111 1110 1104 1095 1084 1072 1064 1059 1059 1060 1060 1058 1054 1050 1045 1039 1026 1007 985 964 946 933 927 921 911 896 878 862 847 835 823 811 800 791 784 775 763 751 739 728 718 708 699 692 685 679 674 669 665 660 655 650 644 638 631 625 620 614 608 602 597 592 587 582 577 572 567 560 553 545 537 526 514 499 480 457 434 412
1082 1095 1105 1112 1116 1117 1118 1121 1125 1126 1122 1116 1110 1105 1103 1104 1105 1104 1098 1088 1076 1065 1056 1051 1049 1049 1049 1047 1044 1041 1038 1032 1021 1003 983 962 944 930 923 921 916 903 887 870 854 841 828 818 809 802 795 785 774 763 753 743 734 724 716 709 702 697 692 688 683 677 671 665 659 654 648 642 635 628 620 612 605 598 592 586 580 574 568 560 550 540 530 518 505 490 472 450 427 405
1068 1081 1091 1098 1103 1104 1104 1105 1107 1107 1105 1102 1098 1095 1095 1097 1098 1096 1090 1080 1068 1056 1046 1040 1038 1037 1036 1034 1032 1029 1027 1022 1012 997 980 962 944 930 923 921 918 908 893 878 864 850 837 826 819 814 806 796 785 776 767 759 751 742 735 728 722 717 712 708 703 696 689 683 677 672 666 660 652 643 633 623 614 605 596 589 582 575 567 558 547 534 521 508 495 480 462 441 418 397
1053 1064 1074 1081 1085 1087 1088 1088 1090 1091 1090 1088 1086 1085 1086 1087 1088 1085 1079 1069 1057 1045 1035 1028 1025 1024 1022 1020 1017 1015 1015 1012 1005 993 977 961 945 933 926 923 919 910 897 885 874 862 848 836 830 825 817 806 796 788 781 774 767 760 754 748 743 738 733 728 723 716 708 701 695 689 683 677 668 658 646 634 621 610 600 591 583 574 566 555 542 528 513 499 485 471 453 432 409 391
1035 1045 1054 1061 1066 1069 1070 1072 1074 1075 1075 1075 1074 1074 1074 1075 1074 1072 1067 1057 1045 1033 1023 1015 1011 1009 1007 1004 1001 1000 1002 1003 998 988 975 960 947 938 931 927 921 912 901 892 883 872 858 846 840 835 828 817 807 800 794 788 782 777 772 767 762 758 753 748 741 734 725 717 710 704 698 690 681 669 655 641 627 614 602 591 581 572 563 551 537 521 506 490 477 462 445 424 403 388
1017 1026 1034 1042 1048 1053 1055 1057 1060 1062 1062 1063 1063 1064 1062 1061 1060 1057 1052 1043 1032 1019 1008 1000 996 993 991 987 985 987 992 994 989 981 970 958 948 942 938 933 926 916 906 898 891 881 868 856 850 845 837 826 816 810 804 800 795 790 786 783 778 774 769 764 756 748 739 730 722 715 707 699 688 675 660 644 628 614 601 589 579 569 559 547 532 515 498 483 469 455 438 418 399 388
1002 1010 1018 1026 1033 1038 1043 1047 1050 1053 1053 1053 1055 1055 1053 1048 1045 1042 1037 1028 1017 1005 994 985 980 978 976 972 971 975 983 985 978 971 963 954 946 942 940 936 929 919 911 905 899 890 877 865 858 853 845 834 824 817 812 808 804 801 797 794 790 786 781 775 768 759 750 740 731 721 712 702 690 677 661 644 627 612 598 586 575 564 554 541 526 509 492 477 463 448 431 413 398 390
988 996 1004 1013 1020 1027 1033 1040 1044 1047 1047 1048 1049 1049 1044 1038 1033 1029 1023 1015 1004 994 984 977 972 968 963 958 958 963 971 971 964 956 951 945 939 936 935 932 926 918 912 909 903 894 881 870 863 857 849 838 828 821 816 812 809 806 802 799 795 791 787 781 774 765 756 746 736 724 713 701 688 674 659 642 625 609 595 582 571 560 549 536 520 503 487 472 457 441 425 408 397 394
976 984 992 1001 1009 1018 1027 1035 1041 1044 1046 1046 1046 1044 1038 1031 1025 1020 1014 1004 994 985 979 974 967 959 951 946 943 946 950 950 944 938 934 931 927 924 922 919 916 912 908 906 901 891 880 870 861 855 847 838 828 821 816 813 810 805 801 797 793 789 786 781 774 766 757 747 736 723 710 697 684 670 654 637 621 605 591 578 567 555 544 530 514 498 482 467 451 435 418 404 396 397
965 972 980 989 999 1010 1022 1034 1043 1047 1048 1049 1048 1043 1035 1028 1022 1016 1008 997 986 978 972 965 957 948 939 933 929 925 924 923 921 919 916 912 909 906 904 903 901 899 898 897 892 882 872 863 855 847 840 832 824 816 811 807 804 800 795 790 785 782 779 774 769 762 753 743 731 718 704 691 677 663 648 632 616 601 587 574 562 550 538 524 508 493 477 462 446 429 413 401 396 399
953 960 968 978 991 1004 1019 1035 1046 1052 1054 1054 1052 1045 1037 1030 1024 1016 1005 994 981 970 961 952 943 934 926 921 917 911 906 903 902 902 899 895 891 888 886 886 885 883 882 881 877 870 861 853 844 836 829 822 815 808 803 798 793 789 783 778 774 771 768 763 758 752 745 735 724 711 698 684 671 656 641 626 611 597 583 570 558 545 532 518 503 488 472 457 440 423 407 397 395 400
942 948 957 968 983 999 1018 1036 1050 1059 1061 1060 1057 1050 1043 1036 1028 1018 1006 993 979 966 953 941 931 921 914 910 907 902 898 894 891 889 887 884 881 876 873 871 869 866 863 861 858 853 846 838 830 822 815 809 802 796 791 786 781 775 769 764 760 758 755 751 746 740 734 726 716 704 692 678 664 650 635 620 606 592 579 566 553 540 525 511 497 483 469 453 435 417 402 394 394 400
932 939 948 960 976 995 1017 1037 1054 1064 1068 1067 1062 1057 1050 1042 1033 1021 1008 994 979 964 949 935 922 911 904 900 898 895 892 887 883 880 878 876 872 867 860 856 853 849 844 840 836 833 828 821 814 806 800 794 788 783 778 773 768 762 756 749 745 743 741 737 732 727 721 714 706 696 685 673 660 645 630 615 601 588 575 562 549 535 520 506 493 479 465 448 430 411 397 390 391 399
924 932 942 955 972 992 1016 1038 1055 1067 1073 1073 1070 1064 1057 1048 1037 1024 1010 994 979 963 947 931 917 906 897 892 888 885 881 877 874 870 868 865 860 853 845 840 838 834 828 822 816 812 808 802 795 789 782 777 772 768 765 761 756 751 743 736 731 729 726 721 717 712 707 701 695 687 679 668 656 642 627 612 598 584 571 558 545 530 516 502 488 474 459 442 422 404 390 385 388 397
918 927 938 952 968 989 1012 1035 1054 1068 1076 1079 1076 1070 1062 1052 1040 1026 1010 994 977 961 945 930 916 903 894 887 881 875 869 865 862 858 855 850 844 836 829 826 826 822 814 806 798 792 786 781 776 769 763 759 755 753 751 748 744 739 731 723 718 715 710 705 700 695 690 685 681 677 671 662 652 639 624 609 594 580 567 554 541 526 511 496 481 467 450 432 412 394 382 379 384 395
914 924 936 949 966 985 1008 1031 1051 1067 1077 1082 1080 1073 1063 1052 1039 1024 1008 992 975 960 944 929 916 904 894 885 876 867 860 853 849 844 839 834 827 820 816 816 816 811 801 791 781 772 766 761 756 749 744 739 736 735 735 734 731 725 717 709 705 699 693 686 680 675 671 668 667 664 661 655 647 634 619 603 588 575 562 549 535 520 504 488 471 454 436 417 398 381 372 373 381 395
912 922 934 948 963 981 1003 1025 1046 1063 1076 1082 1081 1073 1062 1050 1036 1021 1005 989 973 958 943 929 917 905 895 885 874 865 855 846 839 832 826 822 816 812 810 809 806 799 788 776 765 755 748 743 737 731 724 719 716 716 716 716 714 708 700 693 687 681 673 666 660 656 653 651 651 650 649 645 638 626 611 595 579 565 553 540 527 511 495 477 458 438 418 398 381 369 365 370 383 400
