Peta/Sinjai Tengah/tengah2.asc
ncols         159
nrows         182
xllcorner     432018.50213
yllcorner     -18777.58964
cellsize      1
nodata_value  -9999
[rows 84 to 125 of 182, columns 0 to 93 of 159]
911 922 934 947 961 978 998 1020 1042 1061 1075 1081 1079 1072 1060 1047 1032 1017 1002 987 972 958 944 930 918 907 896 885 875 865 855 845 835 826 820 815 810 807 805 801 795 786 775 763 751 741 733 727 720 714 707 701 698 697 697 697 694 689 681 674 668 661 653 645 640 636 635 634 634 634 634 630 623 612 597 582 566 552 540 527 514 499 482 463 442 421 400 382 368 362 363 373 389 408
911 922 934 947 960 976 995 1016 1039 1060 1074 1079 1076 1068 1057 1044 1029 1014 1000 986 973 958 945 932 921 909 898 886 876 867 857 846 835 826 818 809 800 796 794 789 782 773 762 750 739 729 720 713 706 699 692 685 682 680 679 678 675 669 662 655 649 642 634 627 622 619 617 617 617 617 615 611 604 593 579 565 550 536 524 512 499 485 469 450 429 407 387 372 363 361 367 381 399 420
908 920 932 945 959 975 993 1014 1036 1057 1072 1075 1070 1062 1052 1040 1026 1012 999 986 974 961 949 936 924 912 900 888 879 869 859 846 834 823 812 799 786 780 779 776 770 762 752 741 730 719 711 703 694 686 679 672 668 665 663 661 657 652 645 639 633 626 619 613 608 604 602 600 599 598 595 590 582 571 559 546 533 520 508 497 485 472 457 440 421 401 384 372 366 368 377 393 413 434
900 913 925 938 954 972 991 1011 1032 1053 1068 1071 1064 1055 1045 1032 1018 1005 994 985 975 965 954 943 932 919 905 892 882 871 858 843 828 814 801 788 776 771 770 768 762 754 745 734 723 712 703 694 685 676 667 661 655 652 649 647 643 637 632 627 621 614 607 601 596 591 588 584 581 578 574 568 561 551 540 528 517 505 493 482 471 460 447 432 417 403 390 381 378 382 393 409 429 449
890 902 914 927 943 963 985 1007 1028 1048 1063 1066 1059 1048 1035 1021 1007 994 985 980 976 969 962 953 943 929 914 901 889 875 858 840 824 810 798 787 777 772 769 764 758 750 740 730 719 708 697 687 677 666 657 649 644 640 637 635 630 625 620 616 611 603 597 590 585 580 574 569 565 560 555 549 542 534 524 514 504 493 482 471 460 449 438 428 418 409 402 398 397 402 412 427 446 464
877 889 901 913 929 949 973 998 1021 1040 1054 1057 1051 1040 1027 1011 996 984 976 974 974 972 968 963 954 941 927 913 900 884 864 845 829 816 805 794 785 778 771 764 756 748 738 727 716 705 693 681 670 658 647 639 634 630 627 624 619 613 609 606 601 594 587 581 575 569 562 556 550 545 540 534 528 521 512 503 494 484 474 462 451 440 431 424 421 420 419 419 421 426 434 447 462 478
861 874 886 898 912 931 953 979 1003 1022 1036 1040 1037 1028 1016 1001 986 975 969 969 972 972 971 968 962 951 938 926 912 895 875 855 839 825 813 802 792 782 774 765 757 747 737 727 715 703 690 677 665 652 641 632 626 621 618 614 608 603 599 597 592 584 577 571 564 558 551 545 539 534 529 523 517 510 503 494 486 477 466 454 441 431 424 422 425 430 436 441 446 450 456 466 477 489
845 857 869 882 896 912 930 951 974 994 1008 1014 1014 1009 1000 988 975 966 962 963 966 968 969 968 965 957 946 934 920 902 882 863 846 831 817 806 796 786 777 768 759 749 739 728 716 703 690 676 663 650 639 629 621 615 610 605 600 595 592 588 581 573 565 559 553 547 540 534 529 524 519 514 509 502 495 487 479 469 458 445 432 421 416 418 426 438 451 460 467 472 477 483 491 500
829 841 854 867 880 894 909 925 943 962 976 983 986 984 979 971 962 955 953 955 957 958 960 962 962 956 946 935 921 902 883 864 847 832 820 809 800 790 782 773 764 754 743 731 718 705 690 676 663 651 640 630 620 612 605 599 593 588 585 579 571 563 555 548 542 536 530 524 519 514 510 505 500 494 487 480 472 462 450 436 423 413 408 412 425 442 460 474 484 490 494 499 504 509
815 826 839 852 865 878 890 902 917 932 944 951 955 957 956 953 948 944 942 943 943 944 946 950 953 949 941 929 914 896 877 861 846 833 822 812 804 796 789 780 771 761 750 737 723 708 692 678 665 654 643 632 621 611 602 594 587 582 577 571 563 554 546 539 533 527 521 515 509 504 499 495 490 485 478 471 463 453 441 427 414 404 400 405 421 441 463 481 495 503 509 512 515 518
801 813 824 836 849 860 871 882 894 906 915 922 927 931 933 933 931 930 929 929 928 929 932 937 940 937 930 918 902 885 869 855 843 832 823 816 809 803 796 789 781 771 758 744 728 711 695 680 668 657 646 635 623 612 601 590 581 575 570 565 557 549 541 533 526 519 512 505 499 493 488 484 479 474 468 462 453 444 432 419 406 395 391 398 414 438 463 485 501 513 519 523 524 525
788 799 809 821 832 843 853 864 875 884 892 897 902 907 912 914 914 913 913 913 914 914 917 921 924 922 914 901 886 872 859 848 839 830 824 817 812 808 804 798 790 780 766 750 732 713 696 681 669 659 648 637 625 612 600 588 578 571 567 561 554 545 537 529 521 512 504 495 487 480 475 471 467 462 457 451 444 435 423 410 397 387 384 391 409 434 461 485 505 519 527 530 531 531
773 782 793 804 814 825 835 846 857 865 871 876 881 886 891 895 897 896 895 896 898 899 901 903 905 903 896 884 872 860 850 841 833 827 821 816 812 810 808 804 796 786 771 753 733 714 696 681 668 658 647 637 624 611 598 587 577 571 566 560 553 544 535 526 516 505 495 485 476 468 463 458 454 450 446 440 434 425 415 402 390 381 379 388 407 433 461 487 507 522 531 535 535 534
758 767 777 787 797 808 818 828 839 847 853 857 862 866 871 876 879 879 878 878 881 883 883 883 883 883 878 869 859 849 841 833 826 820 815 811 809 808 807 804 797 786 771 752 732 713 695 680 667 656 645 634 622 609 596 585 577 572 567 560 552 543 533 523 511 499 487 475 465 457 451 446 442 439 435 431 425 417 407 395 385 378 378 390 414 442 469 492 510 524 534 538 538 535
744 753 762 772 782 792 802 812 822 830 835 839 843 848 853 858 861 861 860 861 864 865 863 860 860 862 860 854 846 837 830 823 817 811 806 803 802 802 802 799 793 782 767 749 730 711 693 678 665 653 642 630 618 606 595 585 578 573 568 560 552 542 531 518 506 493 479 467 456 448 442 438 434 431 428 424 418 410 400 391 383 379 383 400 429 461 485 501 514 527 537 541 540 537
733 741 749 758 768 778 787 797 807 814 819 823 827 831 836 841 843 844 844 844 846 845 842 838 838 841 841 838 832 825 818 811 805 799 795 793 793 793 793 791 785 774 760 743 725 707 690 676 662 650 638 627 615 604 593 584 578 574 568 561 552 540 528 515 501 487 474 462 451 443 438 434 431 428 424 419 413 406 398 390 385 385 393 415 448 479 499 509 520 531 540 543 542 538
723 730 737 745 754 764 774 785 794 801 806 810 813 817 821 824 826 828 829 829 828 826 821 818 820 822 822 819 814 809 803 797 792 787 784 782 782 783 784 781 775 765 751 736 719 703 687 673 660 647 636 624 613 603 594 585 579 575 569 562 552 541 527 513 498 484 471 459 450 443 439 436 433 430 425 420 413 407 400 396 395 399 410 431 461 489 505 514 525 536 543 545 543 539
712 719 725 732 741 751 762 774 783 790 795 799 801 804 806 808 809 811 814 814 812 807 802 800 802 803 801 798 794 790 786 782 778 775 772 771 772 773 774 771 765 756 744 729 714 699 685 671 658 646 635 624 614 604 595 588 582 578 572 564 554 542 528 513 497 483 471 460 452 447 444 442 440 437 432 426 420 415 410 409 411 418 431 450 473 495 510 521 532 541 546 546 544 539
702 707 712 719 727 737 749 763 773 779 784 787 789 790 790 791 792 794 796 797 794 789 785 784 784 782 778 775 772 770 768 766 764 762 761 760 761 763 763 761 756 748 737 724 710 697 684 670 658 646 636 626 616 606 597 591 586 581 575 566 556 544 530 515 500 485 473 463 457 453 452 452 451 449 445 439 434 430 428 428 433 442 454 470 488 505 519 531 542 548 550 548 544 538
690 695 700 706 713 723 736 750 761 768 772 775 775 774 773 773 772 774 776 776 773 770 767 766 764 760 756 753 751 750 750 750 750 749 748 749 750 752 752 751 747 740 730 719 707 695 683 671 659 648 638 628 619 610 601 595 591 585 577 569 559 547 534 519 504 490 477 467 462 460 461 464 466 464 461 457 453 451 451 453 459 468 479 492 506 520 534 544 553 559 557 552 545 538
680 684 688 694 701 711 724 737 748 755 759 761 761 759 756 754 754 754 754 754 752 749 747 746 743 739 735 733 732 732 733 734 736 736 736 737 739 740 741 740 737 731 723 713 704 693 683 672 661 651 641 632 623 614 605 599 593 588 580 572 562 551 538 524 508 494 481 471 466 466 469 473 478 480 480 478 477 476 477 480 486 494 503 515 527 539 550 558 565 569 564 554 545 538
672 675 679 684 691 700 712 725 734 741 746 747 746 744 740 737 736 735 734 733 731 727 725 725 723 719 716 715 715 716 717 719 721 722 723 724 726 729 730 729 727 722 715 707 700 692 683 674 664 654 645 636 627 618 609 602 597 590 583 574 565 555 542 528 512 496 483 473 468 468 472 479 486 492 495 498 499 501 503 507 513 519 527 537 547 558 566 571 573 571 563 551 542 537
665 669 672 676 682 691 702 713 721 727 731 733 732 730 726 722 720 718 716 714 711 707 705 706 704 701 699 698 699 701 703 705 706 708 710 712 714 717 718 718 716 712 707 701 695 689 683 676 667 658 649 640 631 622 613 606 599 592 585 577 568 558 545 531 515 498 484 474 468 467 471 479 488 497 505 512 518 523 528 532 537 543 550 558 565 573 580 580 576 570 559 547 538 536
660 663 666 670 674 681 691 700 707 712 717 718 718 715 711 707 704 702 700 698 696 692 690 689 688 686 684 684 686 688 690 691 693 695 697 699 702 704 706 706 705 702 697 693 689 685 681 676 669 661 652 643 633 624 616 609 602 594 587 579 570 560 548 533 517 500 485 474 467 465 468 475 485 497 509 521 531 540 547 553 558 564 570 576 580 583 585 581 573 565 555 543 536 537
654 657 659 662 665 670 678 686 691 696 700 701 701 698 694 691 689 688 687 686 684 681 677 675 673 671 671 671 673 675 677 678 680 682 684 686 689 691 693 693 692 689 686 682 680 678 676 674 669 662 654 645 635 626 618 611 604 596 588 580 571 562 550 536 519 503 487 475 467 464 465 470 480 493 508 524 539 551 561 568 575 580 587 592 592 591 588 580 570 560 550 540 534 538
646 648 650 652 653 658 664 670 674 678 681 682 681 679 675 673 672 673 674 673 671 668 665 662 659 658 658 659 661 662 664 665 667 668 670 672 675 677 678 677 676 673 670 667 667 667 669 669 666 661 654 644 635 626 619 612 605 597 588 579 570 561 550 538 523 506 491 478 469 464 463 467 476 489 506 525 542 557 568 577 585 591 596 601 599 593 586 575 564 554 545 537 534 541
635 637 639 640 642 644 648 651 654 657 659 661 661 659 657 656 656 657 658 657 655 653 651 649 647 646 647 648 649 650 652 653 654 655 656 658 660 661 661 659 657 654 651 649 650 653 656 659 659 656 650 641 632 624 617 611 604 595 586 577 568 559 550 539 525 510 495 482 471 464 462 465 474 487 505 524 543 559 571 581 589 593 596 598 593 584 575 565 556 548 542 538 538 547
625 627 628 628 629 630 631 632 633 635 638 640 641 641 640 640 640 640 640 639 638 637 636 636 635 635 636 637 638 639 640 640 641 642 643 644 645 645 644 640 636 633 629 628 630 634 639 644 646 645 641 633 625 618 612 607 600 591 582 572 564 555 547 538 526 512 498 485 474 465 463 466 474 487 504 523 541 557 570 581 589 591 590 589 582 571 561 553 546 540 539 540 544 554
615 616 617 618 618 616 615 614 614 617 620 623 625 626 627 627 626 624 622 622 622 622 623 624 624 624 625 626 627 628 628 629 629 629 630 631 631 630 627 622 616 611 607 606 608 612 618 624 628 629 625 619 612 606 602 598 591 583 574 566 558 551 544 536 526 513 499 486 476 467 464 466 474 486 503 521 538 554 567 578 585 586 584 581 572 561 551 545 540 538 540 544 551 562
608 609 609 609 607 604 602 600 601 604 607 611 614 616 616 615 612 609 607 607 608 610 612 613 614 615 615 615 616 617 617 618 618 618 618 618 618 616 611 605 598 592 588 586 586 590 595 601 605 607 605 600 594 590 587 583 578 571 563 556 550 545 539 532 522 511 499 487 477 469 465 466 473 484 498 515 532 549 562 573 580 582 579 574 565 554 547 544 544 546 550 556 563 573
602 602 602 601 599 596 593 592 593 597 601 604 607 608 607 604 600 597 595 595 597 600 602 604 605 605 605 606 606 606 606 607 607 606 606 606 605 602 597 591 584 577 571 568 568 569 573 578 582 584 583 579 574 571 569 566 560 554 548 543 539 535 531 525 517 507 497 486 476 469 464 465 470 479 492 508 525 542 557 568 575 578 576 569 559 550 545 546 552 557 563 569 576 584
597 597 596 595 593 591 590 591 594 597 600 601 602 602 600 597 592 589 587 588 589 592 594 596 597 597 597 597 596 596 597 596 595 594 594 593 592 589 584 578 571 564 558 555 553 553 555 559 561 563 563 560 557 554 552 547 542 536 531 528 526 524 521 516 510 502 493 484 475 468 463 462 466 473 485 500 518 536 552 564 571 574 574 568 557 548 545 551 560 568 576 583 589 596
593 593 592 591 590 590 591 595 600 604 605 604 603 601 598 594 589 585 583 582 583 585 587 588 589 589 589 589 588 587 587 586 584 582 581 580 579 577 573 567 561 554 549 545 543 542 543 545 547 548 548 546 543 541 537 531 525 519 515 513 513 512 510 507 502 496 489 481 473 466 460 459 461 468 479 494 513 532 550 562 569 572 572 568 560 553 552 559 570 579 587 594 600 605
592 591 590 589 589 591 596 602 610 616 618 615 611 606 601 596 589 584 581 579 579 580 581 582 582 582 582 581 580 580 578 576 574 572 570 568 567 566 562 558 552 547 543 540 539 538 538 538 539 540 539 536 534 530 525 519 512 507 503 501 501 501 500 498 495 491 485 478 470 463 457 456 458 465 476 492 511 531 549 562 570 572 571 568 563 558 557 564 574 586 597 605 611 614
594 593 592 592 594 598 604 614 625 634 636 632 624 617 610 603 595 588 583 579 578 577 577 577 577 577 576 575 574 573 571 569 566 563 561 559 558 557 555 551 547 544 542 541 541 540 539 539 538 538 536 533 529 524 519 512 506 500 497 494 493 493 492 490 489 485 480 474 467 460 455 453 456 463 476 493 513 533 551 564 570 572 571 569 564 559 557 560 569 585 604 615 620 621
601 599 599 601 605 610 619 632 644 652 653 648 639 631 624 615 606 597 590 585 581 578 576 575 574 573 572 571 570 568 566 564 561 558 555 554 553 552 550 548 546 546 547 548 549 549 548 545 544 542 538 535 530 524 518 512 506 500 496 492 489 487 485 483 482 480 477 471 465 458 453 451 455 463 477 496 516 537 553 564 570 571 571 569 565 560 557 558 566 585 608 621 626 624
611 611 611 615 620 627 638 651 661 667 667 661 654 647 640 632 622 612 603 596 590 585 580 577 574 572 570 568 567 565 563 560 557 555 553 552 551 551 550 550 551 553 557 561 564 564 563 559 556 552 548 543 537 531 524 517 511 505 499 493 488 483 479 477 475 474 472 468 463 458 453 452 455 465 481 501 522 541 556 565 569 570 570 569 566 564 562 563 569 585 608 625 630 627
626 626 627 631 636 644 655 667 675 678 677 672 668 664 658 651 641 631 622 613 605 597 591 584 579 575 572 568 566 563 561 559 557 555 554 554 555 555 555 556 559 565 572 579 583 584 582 578 573 568 562 555 548 541 533 526 519 512 505 496 488 480 474 470 468 468 467 465 462 458 454 453 458 469 487 507 528 546 559 566 569 569 569 569 569 568 568 571 575 584 600 621 632 630
643 643 644 648 654 663 672 680 684 686 684 682 681 680 676 669 661 652 642 632 623 615 606 598 590 583 577 572 568 565 562 561 560 560 561 562 563 564 565 567 572 580 589 598 604 606 604 599 592 585 577 569 562 553 545 536 529 520 510 500 489 478 469 464 462 462 462 461 459 457 455 456 462 476 495 516 535 551 562 567 569 569 569 570 570 571 573 576 579 582 588 602 621 629
660 660 661 665 672 679 686 690 692 692 691 691 692 693 690 685 678 670 661 653 644 635 625 616 606 597 588 581 575 571 568 567 568 570 572 575 577 579 581 584 589 597 606 615 621 624 623 617 610 602 592 582 574 564 554 545 537 527 516 503 490 477 467 460 458 458 459 459 458 457 457 461 470 486 505 526 544 557 565 568 569 568 568 568 570 571 574 577 579 577 572 570 583 609
675 675 678 683 688 692 696 697 697 697 697 700 703 704 701 697 691 684 677 671 664 656 646 636 625 614 603 594 587 582 579 579 581 584 589 593 597 599 601 603 608 614 622 629 635 637 636 631 623 613 603 593 583 572 562 552 542 532 520 507 492 479 468 461 457 457 458 458 460 460 463 470 481 498 518 537 553 563 568 569 568 566 566 566 567 569 572 575 577 570 552 534 533 563
688 689 693 697 700 702 703 701 700 701 704 708 711 712 710 706 701 695 690 685 680 673 665 656 645 633 622 612 604 599 596 596 599 603 609 614 618 620 621 622 625 629 635 640 644 645 644 639 630 620 610 600 589 578 566 555 545 534 522 509 495 483 473 466 463 462 463 465 467 470 475 484 497 514 533 549 562 570 572 570 567 565 563 563 565 567 571 574 574 564 540 516 504 519
