Peta/tes_3.asc
ncols         300
nrows         300
xllcorner     119.9269289154
yllcorner     -5.2538513964
cellsize      0.00083333333333334
nodata_value  -9999
[rows 232 to 260 of 300, columns 0 to 65 of 300]
1046.457 1037.437 1041.808 1047.572 1034.737 1002.332 977.989 981.545 990.94 978.052 970.043 956.793 948.629 939.014 948.715 973.629 991.439 991.386 993.154 992.698 995.922 995.897 997.24 995.961 987.149 982.083 979.241 971.727 960.75 951.582 948.965 947.521 934.616 927.328 926.639 922.957 916.003 899.956 884.498 870.154 847.239 833.701 850.609 870.737 870.988 864.406 855.751 839.224 814.186 797.593 799.918 807.704 794.468 804.624 803.441 791.702 807.237 805.347 793.249 772.672 755.037 750.309 748.821 734.627 716.926 710.156
1054.16 1045.507 1033.412 1026.491 1012.82 993.732 992.06 1013.392 1014.935 993.249 982.695 991.781 983.508 952.601 953.129 987.146 1005.228 1005.957 1007.611 1005.934 1010.23 1010.309 1010.594 1008.685 997.837 987.126 980.021 974.148 966.167 959.406 955.78 950.953 941.203 943.488 940.812 932.551 921.701 904.359 889.878 868.343 851.354 858.417 874.647 883.849 881.948 879.59 871.099 852.165 819.419 817.999 823.981 820.112 804.803 817.669 814.352 796.934 814.861 809.447 780.665 763.281 766.406 770.787 767.934 753.065 725.015 714.659
1089.734 1066.059 1043.804 1038.902 1035.713 1025.264 1027.222 1045.709 1034.26 1009.873 1021.412 1025.007 1000.191 961.533 959.681 1010.921 1034.118 1029.167 1026.509 1026.201 1029.353 1027.337 1024.685 1019.138 1009.221 998.05 994.128 990.455 980.041 970.606 965.916 959.722 956.739 955.847 949.22 938.696 926.149 905.311 891.964 868.71 862.295 879.13 891.613 896.009 898.114 889.547 872.974 847.357 831.71 841.729 840.948 828.923 822.676 829.296 814.916 811.027 808.906 786.261 776.695 780.389 780.571 775.798 768.658 756.701 733.302 725.155
1102.282 1083.767 1060.363 1059.583 1065.528 1057.218 1054.042 1060.578 1044.238 1051.038 1062.415 1036.637 990.414 958.976 968.361 1026.287 1054.704 1055.567 1053.206 1051.201 1047.477 1041.727 1035.804 1027.7 1019.171 1013.003 1008.401 1003.934 994.443 986.053 977.461 971.464 967.527 962.586 955.098 938.64 925.154 911.874 891.89 868.523 881.975 903.37 912.325 915.412 909.18 886.108 862.843 842.219 851.991 860.433 844.938 833.144 835.71 831.564 817.923 817.855 796.588 798.184 802.267 794.217 784.619 774.338 763.533 745.129 727.847 720.983
1115.833 1105.786 1082.498 1080.71 1087.537 1081.009 1075.962 1067.262 1071.741 1085.309 1083.329 1028.945 973.076 958.758 992.513 1031.997 1064.538 1076.537 1075.215 1066.764 1061.007 1054.7 1048.898 1037.769 1031.794 1028.414 1021.637 1013.411 1005.541 998.501 991.125 983.121 974.7 967.224 959.464 946.701 932.109 914.133 884.901 875.295 903.157 922.738 925.612 922.667 901.565 868.468 853.8 852.033 865.968 856.878 847.429 849.503 849.843 830.411 830.948 823.773 807.106 816.561 811.347 796.879 783.832 770.213 760.188 741.392 726.688 723.49
1124.498 1108.214 1095.367 1104.983 1110.47 1099.584 1088.597 1085.676 1095.133 1102.844 1088.034 1022.89 979.628 990.749 1016.974 1051.162 1082.869 1092.262 1088.215 1076 1069.713 1065.997 1057.402 1049.673 1047.21 1042.803 1032.086 1020.8 1013.351 1006.839 996.578 986.985 975.397 965.817 958.545 946.185 931.877 904.149 877.709 890.057 918.679 936.254 937.766 923.983 894.332 875.069 874.417 874.178 866.438 870.193 874.719 869.668 857.082 833.389 844.47 826.833 812.407 821.421 814.443 795.803 779.814 766.438 761.58 745.418 736.437 739.307
1140.338 1124.984 1124.757 1123.274 1121.997 1114.801 1108.234 1104.857 1107.601 1111.52 1091.592 1029.055 993.06 1010.751 1046.581 1074.852 1097.523 1102.204 1097.261 1087.344 1078.515 1076.956 1070.841 1067.916 1063.614 1051.53 1039.009 1026.367 1014.746 1004.691 992.511 981.686 969.769 959.664 952.296 936.467 913.388 885.865 881.805 904.774 935.927 945.628 941.523 918.09 891.362 894.184 891.885 879.44 880.448 889.356 888.061 879.339 855.728 848.594 853.139 834.496 823.528 830.034 811.022 785.144 774.506 760.902 756.553 751.912 751.386 743.565
1170.966 1163.895 1153.47 1146.858 1144.599 1133.639 1120.101 1117.051 1119.394 1116.202 1091.155 1034.026 998.752 1017.397 1063.169 1090.64 1110.913 1113.277 1106.763 1098.216 1093.631 1092.259 1089.042 1087.232 1077.624 1059.125 1043.891 1026.811 1012.113 1002.6 987.462 979.382 972.247 960.574 946.146 930.942 912.93 891.139 897.82 920.988 944.853 951.448 939.961 919.592 913.839 913.327 908.334 900.587 910.693 907.483 896.411 876.956 854.858 854.818 845.353 840.798 845.203 840.741 810.338 800.731 796.953 773.412 773.085 773.305 759.26 744.286
1190.79 1176.869 1171.911 1168.206 1162.898 1150.756 1140.361 1140.494 1137.179 1127.204 1088.44 1034.52 998.115 1016.557 1065.172 1108.362 1125.033 1122.215 1116.93 1110.975 1108.323 1102.577 1099.418 1095.224 1082.951 1058.344 1040.414 1024.44 1009.173 997.194 989.998 983.134 974.19 967.614 945.009 939.25 924.935 906.64 921.826 937.675 956.207 966.048 950.487 936.941 933.883 938.773 927.54 917.583 920.895 903.894 880.677 869.312 863.975 855.496 851.693 863.118 864.522 852.643 828.814 820.875 801.722 788.402 790.411 785.012 769.627 757.887
1190.982 1190.077 1190.065 1181.221 1170.882 1159.425 1156.448 1159.243 1152.495 1129.216 1071.831 1034.264 1018.39 1019.926 1065.922 1114.903 1133.603 1131.269 1125.337 1124.123 1117.587 1112.744 1107.907 1099.551 1092.157 1075.269 1054.198 1036.776 1014.986 1006.722 1003.504 997.876 990.252 967.592 954.225 960.275 939.919 924.236 939.225 956.326 972.249 978.077 957.149 943.366 952.326 960.451 943.189 931.963 918.851 903.476 894.904 883.326 869.245 855.503 859.989 876.063 873.785 854.98 834.912 813.098 799.367 803.51 803.924 805.1 790.569 782.375
1201.82 1207.677 1200.344 1190.818 1179.131 1162.617 1152.754 1146.26 1137.18 1119.03 1079.442 1058.483 1029.668 1010.277 1075.317 1123.804 1140.613 1140.191 1135.025 1133.263 1126.686 1121.052 1116.029 1106.76 1099.057 1086.453 1068.029 1049.322 1028.745 1026.181 1014.458 1010.2 986.046 967.929 979.661 971.421 949.148 945.979 957.233 973.375 989.298 986.225 965.434 954.152 966.23 968.232 957.575 938.022 927.885 920.288 903.174 892.144 885.912 865.221 871.815 881.274 871.874 860.312 838.587 828.844 825.003 822.889 825.801 830.452 816.853 815.272
1218.918 1217.209 1208.709 1198.143 1184.746 1166.241 1156.08 1148.89 1141.673 1140.639 1117.979 1082.602 1033.575 1026.959 1113.121 1146.338 1148.77 1145.554 1142.413 1141.657 1136.012 1130.047 1124.609 1113.642 1105.052 1086.532 1060.498 1047.837 1039.605 1032.903 1026.627 1018.357 995.674 994.214 984.43 965.785 973.024 979.611 968.287 978.796 997.935 992.276 967.014 965.768 978.304 977.998 973.469 949.775 938.804 923.314 913.981 908.554 889.686 872.029 881.797 889.501 876.848 862.847 847.404 861.307 861.483 853.335 853.132 844.611 841.558 843.367
1225.693 1216.633 1202.1 1192.315 1180.231 1170.904 1167.812 1161.668 1158.617 1154.966 1143.638 1098.091 1049.03 1060.296 1119.595 1155.507 1155.157 1152.227 1149.413 1147.128 1141.948 1137.3 1129.777 1116.946 1109.382 1086.244 1074.827 1058.495 1043.186 1045.035 1038.072 1027.434 1034.079 1008.926 982.941 980.25 1004.512 1006.138 977.432 992.544 1005.107 989.044 970.839 984.175 995.681 996.531 988.38 968.773 946.899 936.356 926.42 911.309 901.588 892.964 892.24 901.617 890.983 869.352 863.766 890.334 895.752 881.866 868.231 858.687 859.317 858.522
1231.849 1222.081 1205.966 1199.536 1193.347 1188.427 1180.877 1172.931 1168.925 1164.889 1151.327 1098.368 1062.231 1088.621 1140.693 1165.005 1163.021 1159.608 1156.857 1153.703 1149.129 1142.225 1133.411 1121.824 1113.47 1095.795 1079.884 1066.715 1055.669 1060.537 1043.375 1048.571 1057.844 1019.954 1007.758 1009.295 1021.861 1004.873 991.755 1011.708 1013.889 995.749 977.562 998.946 1014.753 1016.047 1008.402 983.816 962.089 941.904 933.47 932.771 924.217 905.844 910.323 915.891 906.747 885.343 877.287 902.714 909.01 891.646 883.298 880.608 874.342 866.622
1242.487 1232.086 1219.575 1219.462 1205.007 1200.576 1192.203 1184.745 1180.21 1170.402 1137.052 1076.566 1067.528 1108.834 1167.084 1178.529 1177.259 1171.04 1168.178 1163.962 1159.224 1150.8 1146.436 1140.75 1130.733 1112.727 1091.465 1078.389 1074.513 1071.658 1052.275 1056.201 1068.481 1042.804 1038.562 1034.171 1029.654 1009.302 1016.43 1027.255 1017.824 996.184 993.344 1019.543 1033.17 1037.693 1023.586 996.911 980.571 972.755 966.895 944.883 927.689 915.249 927.412 924.71 917.446 894.317 896.021 918.83 925.733 918.059 908.592 892.12 875.033 855.599
1259.482 1242.478 1236.151 1229.488 1217.996 1212.55 1203.294 1195.664 1189.418 1147.021 1092.777 1070.957 1077.448 1118.16 1163.551 1188.029 1194.416 1193.007 1184.738 1181.409 1171.82 1166.355 1161.518 1153.976 1144.126 1128.282 1108.935 1095.475 1085.483 1080.672 1061.632 1071.9 1078.258 1072.424 1064.936 1055.896 1032.958 1022.17 1033.24 1031.13 1021.108 1009.408 1012.917 1039.244 1055.739 1056.59 1035.651 1011.281 1004.645 1000.32 982.999 955.996 936.948 936.272 948.449 938.056 926.556 905.651 921.459 940.846 941.716 931.411 913.919 889.166 865.785 850.872
1269.64 1256.068 1255.435 1241.477 1235.694 1226.185 1212.348 1197.859 1178.368 1125.404 1116.813 1132.699 1145.904 1134.336 1156.807 1195.42 1220.974 1220.613 1205.179 1206.276 1189.086 1180.763 1174.646 1166.239 1153.227 1135.581 1112.569 1099.126 1096.499 1090.234 1078.268 1089.578 1094.141 1092.359 1081.647 1053.72 1035.494 1041.839 1050.881 1035.469 1035.144 1026.502 1024.942 1053.591 1072.312 1068.171 1050.207 1039.203 1036.052 1020.378 989.758 974.213 957.857 952.449 958.089 951.565 933.156 923.396 945.065 952.005 937.038 911.47 891.498 865.808 844.72 830.365
1279.17 1274.594 1270.88 1256.173 1239.462 1222.21 1204.522 1188.558 1171.808 1176.37 1186.709 1194.42 1158.482 1120.035 1145.703 1184.331 1221.597 1229.735 1235.902 1238.556 1214.793 1203.52 1188.676 1178.976 1154.969 1131.425 1119.877 1114.545 1104.122 1101.689 1087.042 1102.038 1105.824 1093.44 1066.987 1053.393 1059.899 1066.696 1064.989 1048.858 1051.32 1038.767 1040.275 1062.847 1080.565 1080.115 1063.84 1064.588 1052.957 1024.324 1007.345 991.007 965.756 965.813 963.54 951.24 936.779 949.746 963.861 949.803 925.989 892.518 861.932 833.424 820.324 812.138
1305.696 1291.869 1279.661 1252.128 1241.762 1231.719 1217.536 1215.5 1207.525 1215.654 1215.844 1204.765 1167.617 1135.898 1148.134 1160.245 1187.011 1214.781 1234.64 1243.305 1235.736 1221.422 1202.111 1190.52 1169.176 1143.326 1137.314 1130.145 1125.627 1104.322 1097.865 1113.035 1112.337 1092.144 1078.529 1084.582 1085.115 1089.298 1078.526 1066.462 1072.066 1054.077 1052.326 1063.874 1083.364 1090.067 1086.143 1084.901 1069.387 1041.947 1026.339 999.58 978.396 974.553 966.492 958.253 952.139 967.578 963.42 936.807 911.342 875.866 837.727 821.289 812.76 799.703
1320.135 1305.25 1283.162 1256.027 1254.09 1257.176 1252.112 1244.537 1236.153 1239.569 1224.709 1215.474 1189.323 1154.1 1144.633 1141.931 1166.269 1191.545 1222.907 1237.982 1239.19 1226.471 1211.896 1197.924 1181.106 1162.749 1161.046 1151.874 1141.584 1111.935 1108.746 1125.352 1117.082 1092.367 1100.452 1106.086 1107.901 1109.309 1093.917 1083.234 1086.695 1073.282 1070.336 1072.25 1087.557 1101.359 1096.488 1091.613 1074.513 1045.123 1020.84 999.5 991.202 982.059 991.58 988.28 972.975 979.414 967.508 930.61 890.537 859.1 836.044 848.832 841.368 825.564
1316.404 1305.619 1276.409 1268.046 1269.707 1271.729 1266.397 1254.815 1254.195 1254.29 1247.275 1235.006 1222.48 1200.539 1185.671 1195.114 1194.392 1189.459 1208.982 1228.708 1237.228 1230.229 1220.325 1207.606 1189.319 1185.594 1181.813 1171.72 1149.475 1123.873 1122.615 1134.558 1120.636 1102.983 1119.55 1128.226 1132.751 1129.93 1105.707 1090.063 1094.821 1089.597 1098.283 1103.78 1106.997 1110.326 1109.345 1094.224 1068.657 1040.793 1019.306 1011.084 1008.047 999.846 1014.279 1010.651 1000.42 987.421 955.826 914.162 884.311 866.739 865.115 878.363 870.34 853.875
1302.648 1292.976 1278.123 1291.28 1290.252 1289.495 1277.87 1266.462 1266.71 1264.481 1265.384 1255.33 1245.945 1224.687 1211.941 1215.528 1200.594 1188.903 1202.149 1221.908 1232.943 1232.368 1224.031 1210.213 1202.446 1204.891 1198.185 1179.967 1150.781 1138.528 1148.354 1146.7 1122.322 1121.13 1142.848 1151.976 1151.485 1137.34 1108.996 1102.295 1114.571 1121.158 1140.556 1147.032 1133.487 1127.076 1117.724 1099.491 1077.667 1052.528 1033.341 1032.733 1021.766 1016.029 1022.903 1016.012 1007.748 980.358 936.15 902.182 900.457 908.425 900.517 895.974 881.891 868.75
1296.899 1289.616 1298.36 1308.351 1312.741 1308.496 1294.344 1278.838 1277.389 1272.627 1272.281 1267.917 1256.692 1240.807 1232.564 1210.655 1192.842 1201.634 1215.042 1222.672 1236.683 1239.195 1227.105 1220.377 1224.668 1220.057 1209.678 1194.503 1160.239 1159.794 1169.418 1153.771 1131.677 1137.133 1155.741 1160.303 1148.277 1120.847 1108.691 1117.666 1140.708 1156.757 1168.454 1170.153 1160.396 1139.527 1116.858 1090.674 1066.813 1056.36 1053.743 1045.642 1026.822 1030.713 1022.357 1001.337 984.99 958.189 924.114 924.048 939.698 939.731 911.771 878.824 860.329 840.285
1333.135 1322.833 1321.055 1319.693 1322.221 1306.396 1296.898 1287.031 1289.284 1283.93 1282.407 1269.344 1259.835 1250.854 1228.628 1197.819 1197.917 1218.261 1221.892 1229.16 1241.955 1246.931 1232.5 1231.321 1232.268 1225.754 1213.778 1192.247 1169.08 1174.649 1166.931 1147.884 1153.129 1157.543 1163.08 1164.738 1153.539 1130.602 1124.843 1140.953 1165.694 1167.585 1159.694 1148.392 1137.233 1129.571 1107.003 1081.456 1064.286 1069.586 1067.374 1054.648 1046.076 1037.424 1011.431 979.961 953.139 936.381 934.441 955.446 961.602 941.071 894.292 847.448 820.4 804.452
1347.467 1340.266 1332.89 1330.277 1323.781 1306.844 1308.203 1302.728 1294.112 1287.106 1280.161 1269.936 1263.404 1242.621 1208.313 1201.439 1221.179 1233.351 1229.6 1237.083 1247.237 1250.945 1246.464 1245.462 1236.85 1227.451 1210.884 1192.798 1190.63 1174.065 1161.511 1167.085 1172.384 1174.43 1174.612 1172.563 1166.718 1144.638 1137.716 1158.924 1172.318 1157.527 1147.297 1131.179 1118.082 1114.68 1100.019 1087.724 1083.324 1090.035 1086.723 1070.536 1053.875 1036.436 1008.141 967.986 956.178 968.702 975.991 974.685 948.765 917.746 867.79 826.654 809.462 798.318
1356.799 1353.663 1345.588 1338.772 1328.14 1328.8 1327.237 1314.006 1299.105 1288.207 1285.15 1261.638 1227.485 1207.322 1202.241 1224.088 1242.955 1243.775 1240.666 1252.806 1257.855 1255.803 1255.937 1250.618 1236.657 1226.709 1215.71 1209.614 1189.371 1183.988 1193.455 1192.926 1192.201 1189.455 1187.124 1181.649 1169.742 1145.153 1145.899 1159.869 1173.339 1167.714 1160.776 1146.051 1128.283 1109.365 1104.201 1111.477 1110.4 1109.674 1098.556 1078.907 1059.35 1029.861 990.528 968.553 984.935 1002.123 991.715 962.363 918.688 879.251 842.694 841.999 841.071 825.211
1384.052 1379.131 1356.199 1343.538 1335.722 1345.643 1335.811 1320.802 1301.242 1292.879 1281.776 1238.599 1217.018 1216.013 1230.046 1249.194 1254.086 1247.935 1256.001 1268.065 1269.825 1266.455 1265.214 1254.534 1237.531 1234.616 1234.295 1224.349 1205.582 1217.877 1224.602 1220.117 1217.025 1205.607 1195.058 1184.918 1159.71 1150.282 1155.46 1160.727 1171.001 1166.613 1163.811 1157.514 1147.388 1129.802 1119.116 1119.868 1108.814 1098.758 1087.514 1074.433 1048.352 1009.116 983.387 995.678 1011.589 1000.345 973.986 928.807 888.211 854.979 854.696 878.957 869.88 843.345
1410.968 1391.652 1365.316 1344.287 1344.763 1355.001 1343.182 1314.997 1287.641 1263.956 1249.356 1230.464 1223.885 1239.292 1260.369 1260.491 1258.082 1258.629 1278.472 1287.94 1284.709 1280.256 1275.097 1257.32 1251.544 1250.349 1251.824 1236.216 1227.248 1245.989 1250.979 1242.059 1230.23 1214.557 1203.167 1180.198 1155.714 1157.953 1163.243 1166.244 1166.95 1165.788 1160.129 1150.161 1140.541 1128.913 1120.658 1109.519 1094.063 1077.104 1061.873 1049.904 1020.58 1002.914 1010.785 1022.387 1017.496 994.732 951.753 904.644 882.345 883.806 899.554 901.238 880.43 873.306
1425.933 1388.417 1362.139 1349.398 1357.232 1358.273 1342.052 1303.602 1264.817 1248.135 1248.991 1247.183 1231.305 1253.466 1271.869 1266.592 1264.417 1273.364 1294.98 1304.348 1299.053 1292.903 1284.823 1263.466 1260.186 1272.263 1270.785 1256.391 1256.181 1272.836 1268.049 1245.552 1230.887 1216.634 1197.834 1175.306 1163.736 1163.724 1171.328 1172.281 1167.852 1162.011 1150.75 1135.407 1122.862 1115.793 1106.138 1095.016 1079.064 1062.638 1061.619 1041.471 1025.351 1026.752 1035.745 1029.384 1011.626 988.026 938.725 904.014 918.025 935.246 933.524 915.315 914.141 917.625
