Peta/tes_7.asc
ncols         300
nrows         300
xllcorner     119.9269289154
yllcorner     -5.5038513964
cellsize      0.00083333333333334
nodata_value  -9999
[rows 261 to 289 of 300, columns 0 to 65 of 300]
764.614 772.475 772.457 774.265 779.884 788.055 788.145 772.449 755.999 782.652 810.38 817.193 810.844 798.705 779.924 763.696 785.866 824.279 821.658 787.667 760.975 740.549 728.559 718.849 722.865 738.147 736.231 730.462 739.081 735.689 735.126 726.713 694.976 644.314 580.449 521.767 473.646 459.352 461.156 494.287 551.967 614.247 641.874 641.263 637.448 637.515 623.403 601.917 586.376 578.196 563.064 548.104 548.686 555.648 553.475 532.799 515.756 521.376 514.373 509.077 512.901 512.099 518.209 518.669 515.376 508.979
750.573 755.232 755.447 756.496 765.204 776.512 770.65 748.866 739.39 769.62 796.815 805.478 797.057 784.338 759.325 735.107 758.771 785.357 783.851 764.11 746 728.882 717.025 698.246 699.631 709.181 710.275 713.644 724.406 722.688 721.081 720.425 712.233 667.14 607.522 544.957 489.203 448.94 425.879 434.935 485.399 574.178 626.206 628.821 621.735 618.797 613.53 599.548 579.813 564.598 553.461 537.255 529.766 532.274 538.268 525.262 507.268 501.892 487.077 480.543 487.742 492.296 493.438 496.513 495.759 490.033
741.175 738.298 739.573 737.914 759.238 766.02 747.011 726.675 731.349 761.939 790.607 793.928 781.222 768.126 743.117 732.454 749.03 758.139 755.037 743.7 721.477 703.583 699.62 685.154 678.128 680.541 679.977 685.078 703.806 710.043 704.856 699.783 702.396 660.718 597.533 540.047 485.331 438.763 408.282 406.216 441.184 536.342 612.264 624.013 616.351 602.226 599.805 599.8 585.919 566.057 549.652 535.479 518.092 511.907 510.905 512.83 499.412 486.357 471.49 464.857 467.727 474.259 474.524 474.605 473.782 470.819
729.126 723.024 722.284 711.329 730.27 744.222 722.262 709.848 730.629 763.568 781.718 782.864 770.38 759.47 726.221 743.299 757.445 747.515 733.302 716.123 697.413 689.63 686.53 675.641 673.33 670.106 664.283 665.583 685.503 691.234 685.337 681.995 679.348 648.287 609.306 556.734 503.983 456.804 417.94 400.438 401.83 484.449 588.958 612.31 605.025 595.025 590.326 588.366 580.124 564.471 541.039 526.424 525.375 509.355 489.984 495.204 496.062 491.114 474.974 464.305 446.87 453.57 459.179 456.566 448.473 447.017
720.731 710.579 701.758 687.343 713.521 730.334 711.388 701.865 731.339 751.301 768.822 777.129 772.966 764.012 746.74 757.411 749.058 731.34 715.887 699.503 687.334 679.17 671.78 668.349 680.289 674.764 666.541 660.55 670.927 678.418 669.465 662.897 648.914 623.365 603.023 581.608 528.165 461.438 411.426 392.515 380.275 449.785 566.008 596.525 590.346 580.093 570.875 563.729 556.86 542.832 526.48 517.214 513.873 504.441 479.294 468.061 475.14 475.203 463.163 453.799 440.054 437.918 441.423 439.213 431.703 425.974
727.532 711.998 685.065 673.957 699.618 716.714 698.324 685.296 711.291 742.876 762.175 771.563 771.155 765.55 759.201 752.007 737.209 722.032 708.782 694.077 681.397 669.89 659.935 664.857 679.732 678.807 672.816 658.213 660.346 666.418 656.117 647.016 625.614 594.299 581.458 575.2 521.8 453.68 403.522 385.447 372.086 435.696 548.398 581.56 577.929 565.85 544.487 529.103 527.193 523.742 513.134 500.434 494.173 495.035 471.886 446.275 452.438 462.444 457.536 447.881 434.308 417.829 418.052 423.707 422.561 417.856
729.037 723.682 684.086 670.037 689.765 690.883 677.615 672.317 700.965 737.377 755.764 769.393 774.939 767.609 753.348 747.273 730.35 715.058 702.542 687.76 674.515 660.647 652.622 659.53 670.761 669.643 661.989 649.728 648.917 653.975 649.743 634.828 602.707 571.927 564.466 571.965 527.634 460.625 405.099 380.233 360.314 418.331 529.217 563.541 562.479 551.097 530.137 505.049 498.181 503.498 501.945 486.119 479.715 476.484 464.402 438.629 442.571 448.034 446.873 438.789 429.998 403.051 393.35 397.241 405.109 407.967
708.927 695.742 662.567 657.627 671.487 673.841 665.636 667.255 697.137 724.846 741.985 758.541 771.194 762.53 750.422 738.869 720.767 702.404 688.46 677.785 667.143 652.335 645.259 651.756 660.267 659.163 649.184 635.945 635.039 638.767 636.394 612.049 573.194 554.972 554.283 561.589 531.695 465.893 408.131 371.983 342.335 397.187 506.417 535.52 529.346 522.888 515.924 491.745 475.135 478.051 484.811 473.239 464.196 465.043 454.04 443.966 429.557 430.527 427.141 422.991 423.877 399.087 370.702 369.405 390.145 400.06
681.501 665.467 642.762 641.767 652.023 653.691 647.146 651.558 686.678 714.444 725.852 740.537 770.464 781.994 764.66 745.623 721.511 690.01 673.217 667.521 658.654 636.319 618.672 617.556 627.928 633.818 630.818 621.884 621.175 624.708 617.811 599.349 556.735 536.498 535.447 545.57 523.394 460.099 405.102 359.299 326.697 374.299 476.423 511.087 509.209 498.591 488.708 476.044 462.854 458.584 461.342 451.067 445.299 445.37 439.44 435.701 419.282 417.899 413.011 414.636 422.218 405.771 363.97 355.819 371.309 384.275
661.335 641.061 627.084 628.495 630.74 628.488 628.497 642.058 680.266 705.603 712.912 726.822 768.105 787.89 784.413 749.664 713.034 681.055 663.869 657.114 642.227 592.177 550.16 539.971 554.981 576.776 599.487 603.885 601.48 598.679 593.698 584.337 554.581 531.722 520.384 526.037 498.395 440.807 385.324 346.834 318.116 355.995 445.921 486.491 491.162 478.836 465.759 456.084 448.015 443.597 439.467 430.934 425.512 425.591 422.643 420.891 407.928 405.239 402.231 401.235 404.839 393.348 364.146 342.69 348.122 363.193
644.195 623.705 611.795 609.824 609.357 618.403 626.866 642.814 669.253 686.664 693.703 702.421 736.058 769.485 767.811 733.781 699.843 673.723 657.348 643.873 627.254 563.142 508.456 489.13 489.856 510.301 557.906 583.258 584.755 582.778 575.205 564.184 556.445 543.551 514.829 496.919 470.877 420.307 367.326 323.295 303.056 339.057 416.166 457.761 467.535 462.296 452.161 442.441 429.777 425.679 420.426 414.824 407.884 407.764 406 408.989 399.393 391.16 389.487 387.566 387.162 380.735 362.767 332.531 334.051 348.904
635.078 623.05 613.46 609.314 604.681 620.835 642.129 647.629 659.828 668.332 675.354 681.64 707.754 740.919 743.616 718.774 689.262 666.265 648.11 632.566 618.475 567.042 506.778 461.68 436.268 447.801 512.1 560.839 570.908 564.776 555.659 547.409 541.037 532.993 512.749 480.211 450.797 420.615 377.833 334.955 313.359 327.274 379.038 428.313 451.106 450.756 437.416 424.37 414.618 405.396 398.494 395.882 394.624 392.484 394.252 399.441 391.655 370.808 374.969 379.541 374.445 372.149 360.805 334.855 326.173 338.754
630.605 624.454 619.101 614.965 604.674 623.693 648.272 653.89 651.204 656.748 664.264 671.255 684.926 717.816 724.479 703.962 678.32 658.978 645.271 630.073 610.961 593.327 528.749 447.874 403.637 412.708 479.711 539.781 562.482 558.36 541.408 531.486 524.54 519.318 512.196 480.003 436.359 403.711 375.171 340.495 320.751 316.367 351.351 404.189 429.084 426.436 416.409 407.404 397.658 387.74 378.374 376.954 380.993 379.222 389.729 395.125 388.134 366.053 365.997 371.911 367.124 357.338 352.254 330.546 314.991 321.308
632.313 620.632 618.733 615.816 607.202 615.855 639.412 645.312 639.938 644.02 653.603 661.093 681.409 702.473 704.262 689.227 667.057 648.019 634.804 621.356 603.829 585.557 530.061 451.588 398.423 401.054 457.439 514.021 543.953 545.999 531.177 523.119 512.352 506.689 501.033 482.409 437.568 392.142 358.281 328.606 309.842 301.399 338.413 391.425 409.394 403.644 395.011 388.25 379.721 376.317 367.962 369.184 372.338 379.431 385.373 385.891 381.707 355.024 351.885 363.692 358.619 345.597 339.187 325.466 304.622 301.863
627.544 616.749 616.058 608.758 603.019 617.768 640.622 630.467 628.954 644.021 651.835 663.34 679.909 690.888 687.373 677.229 662.244 638.619 617.119 603.221 589.823 571.702 516.835 448.078 397.741 397.716 426.911 465.952 501.324 519.53 513.82 512.633 503.247 495.684 484.071 466.747 436.195 388.623 343.591 313.837 293.332 286.72 329.887 379.115 388.067 385.108 375.261 366.038 362.783 359.67 358.827 366.006 363.404 363.347 376.88 376.249 371.838 347.312 346.586 362.428 356.627 339.146 320.599 310.97 292.54 288.936
616.176 608.924 609.528 595.345 606.161 625.789 633.939 621.999 628.995 645.523 656.503 667.34 673.699 679.662 672.658 656.344 646.531 629.042 604.936 587.756 576.044 563.538 519.732 472.873 414.707 391.889 387.095 399.915 430.573 470.936 494.523 494.723 480.502 467.184 455.59 436.878 428.882 407.514 358.955 311.401 284.56 279.258 321.652 357.894 364.541 363.764 359.964 353.644 350.064 344.947 348.468 355.427 345.678 344.773 359.519 362.185 362.144 337.344 334.835 346.519 344.635 333.882 308.841 291.376 279.287 286.104
603.471 599.747 600.642 587.756 600.939 614.439 610.897 605.055 621.318 636.167 649.04 653.989 654.478 660.254 653.834 638.941 629.531 620.522 599.224 580.598 569.126 556.778 543.389 523.03 463.766 401.459 361.227 338.106 347.712 393.952 440.33 464.379 458.477 436.672 419.099 403.682 408.452 408.425 376.967 326.113 283.158 278.374 316.785 338.519 345.6 344.208 349.675 347.969 340.437 335.639 342.345 345.971 337.654 337.383 343.495 345.714 346.537 318.798 313.582 335.872 340.285 324.775 303.672 269.433 263.429 278.686
595.277 593.963 592.267 582.94 595.595 597.316 587.618 596.353 616.066 626.531 635.386 628.627 626.184 632.381 629.435 615.19 606.866 602.1 593.744 582.035 570.402 552.897 541.546 533.559 520.014 454.049 370.773 319.432 307.085 334.59 381.217 426.381 433.967 413.767 384.05 370.17 384.277 396.878 372.869 325.98 281.408 277.555 306.31 332.693 335.439 327.794 333.191 339.567 338.195 328.28 328.089 332.405 326.658 326.791 327.565 329.383 328.864 299.545 284.36 322.304 331.728 317.444 292.899 258.201 258.02 277.843
592.832 582.219 580.334 567.565 573.114 575.108 587.615 607.998 617.916 619.185 614.698 604.686 603.466 607.147 607.429 599.052 594.326 587.879 583.597 577.621 564.199 547.254 537.925 526.266 518.522 488.025 401.07 348.352 315.813 311.978 339.626 388.198 406.171 391.349 364.701 349.656 364.761 376.583 355.708 320.292 282.551 274.398 295.945 323.338 326.99 321.038 318.344 326.598 332.011 320.787 316.317 318.862 317.805 313.738 315.758 319.052 317.53 290.856 274.475 310.003 314.901 301.335 275.655 249.668 248.043 269.326
576.869 562.922 560.094 556.232 560.252 573.877 596.39 608.938 612.605 606.708 597.641 598.243 593.495 585.378 585.03 582.253 576.155 568.508 566.031 563.059 550.619 537.935 526.899 511.856 505.522 493.357 441.482 396.103 347.26 313.157 311.039 346.093 376.173 375.602 363.112 340.166 335.348 335.012 337.17 313.335 278.152 267.137 279.428 296.992 312.903 316.393 311.332 309.945 312.994 303.414 300.117 305.916 305.742 303.779 303.511 307.704 303.155 287.327 277.957 300.287 300.164 281.92 249.549 232.822 244.23 262.555
562.202 550.279 552.763 558.202 563.013 578.532 596.035 600.198 603.27 599.833 589.429 587.004 579.798 568.695 564.606 563.036 559.72 553.224 548.96 543.503 533.654 525.757 517.482 508.374 502.386 490.511 477.42 454.61 388.596 315.925 283.925 294.386 326.673 347.281 343.395 334.016 319.019 311.169 316.182 301.955 274.326 256.44 254.977 273.435 297.75 303.034 302.158 301.189 291.053 280.835 288.593 293.519 299.029 293.215 292.149 296.952 294.15 285.125 257.612 274.687 287.548 268.401 234.541 231.772 245.98 256.947
554.84 545.658 555.136 564.363 562.448 575.216 588.596 588.167 587.633 588.886 582.436 567.856 564.48 557.161 550.843 551.922 551.479 544.654 535.437 530.503 522.749 513.021 507.195 497.433 489.911 481.627 474.242 464.265 403.263 314.851 272.244 260.099 275.526 304.453 323.285 330.077 318.379 293.33 289.234 291.265 284.694 264.058 246.305 248.898 263.116 277.564 284.142 291.042 282.705 272.583 277.825 285.512 292.382 289.662 286.829 288.949 287.19 279.012 254.57 259.71 271.836 261.04 225.98 221.795 237.582 253.632
547.16 541.783 546.057 551.573 553.005 556.908 564.626 572.702 575.799 574.638 571.647 564.712 560.01 552.355 541.126 538.524 543.201 536.563 518.218 517.192 514.131 499.05 492.742 484.998 479.219 473.382 459.557 449.844 424.308 358.713 303.124 258.278 240.091 247.104 266.583 297.375 309.326 288.637 266.65 270.44 285.215 275.108 251.235 232.861 240.177 255.564 268.185 278.53 282.931 266.595 260.327 274.83 287.937 286.987 282.196 277.531 275.945 271.707 249.194 239.915 248.194 236.887 213.016 216.707 230.547 248.337
543.055 538.277 548.403 565.231 565.582 554.047 547.035 550.224 558.417 560.247 557.014 556.484 553.973 543.619 526.436 518.571 526.629 519.708 499.527 493.182 497.264 481.91 476.339 477.234 472.648 465.753 448.847 436.433 431.752 398.108 332.274 276.116 241.113 221.669 216.59 252.419 291.42 290.636 262.667 251.478 261.325 268.413 258.419 233.285 224.784 242.15 261.541 273.363 278.424 270.27 253.508 266.563 279.167 279.642 275.815 261.2 263.644 260.851 241.893 225.466 227.459 213.268 204.359 213.607 224.874 238.714
541.241 543.681 566.968 596.922 596.971 576.466 551.543 532.653 534.531 543.624 548.572 545.517 547.098 537.786 519.531 502.254 501.324 504.065 492.13 478.171 477.18 466.931 460.16 463.554 459.273 446.65 434.157 423.559 422.786 411.61 378.026 334.129 296.477 257.587 220.761 231.537 266.86 287.716 278.361 246.464 233.591 238.716 243.766 231 218.528 229.135 251.086 265.8 270.709 269.443 248.252 247.916 256.964 263.187 265.003 246.445 246.753 244.028 230.439 213.81 209.348 202.495 202.547 212.57 217.618 226.526
532.65 545.117 573.532 605.179 611.582 589.899 558.037 523.405 511.318 522.157 533.163 533.516 535.31 526.211 516.179 497.672 480.766 478.194 476.045 472.575 466.717 460.847 447.167 443.71 436.531 430.019 423.717 412.963 408.534 406.928 388.233 375.763 357.577 308.227 254.879 227.637 225.456 250.291 267.21 255.724 225.925 213.18 217.056 218.587 212.64 216.052 232.414 250.157 256.369 259.288 243.182 233.409 238.974 241.867 242.782 230.194 230.328 228.896 217.628 197.038 194.709 198.912 195.49 202.87 210.178 213.872
524.474 541.477 566.493 582.152 582.596 568.474 545.979 514.155 496.918 505.511 516.701 517.664 517.334 514.869 509.01 500.156 473.869 464.531 463.958 463.706 455.709 449.947 434.173 420.194 418.293 418.827 411.495 402.056 399.375 390.51 377.949 372.874 361.583 327.04 273.287 224.641 193.512 209.728 240.707 245.979 229.186 206.048 204.293 206.944 205.765 210.256 225.108 238.448 241.592 242.592 235.948 220.25 220.396 226.051 226.352 216.08 221.205 217.798 204.123 186.431 191.9 190.448 190.75 194.673 198.569 195.214
514.719 527.478 538.71 541.613 536.86 528.91 521.24 501.897 485.651 490.639 498.626 498.099 496.543 493.548 490.38 485.729 465.957 449.326 454.055 458.238 447.583 436.863 424.416 410.919 405.566 402.082 394.386 388.39 385.96 378.623 366.438 365.65 354.425 335.477 293.138 242.683 194.931 183.694 190.685 214.131 218.257 201.648 196.172 195.959 201.265 213.051 226.901 230.144 231.7 232.538 229.399 212.97 206.865 211.074 212.049 205.31 211.223 212.904 197.947 172.949 176.164 179.533 188.137 190.737 192.727 183.176
502.045 507.096 506.289 507.866 501.938 491.721 486.465 479.806 480.048 479.995 484.17 487.071 483.259 477.603 473.078 467.92 453.579 443.206 444.093 441.62 437.249 434.765 423.705 406.911 392.136 383.514 382.063 380.733 380.732 370.116 357.492 356.695 344.914 331.063 306.416 266.422 215.376 188.999 180.292 186.313 193.526 190.295 187.322 195.3 210.366 222.955 224.149 218.305 222.721 222.394 218.965 206.471 194.822 196.251 202.228 195.767 195.37 202.073 187.829 164.922 169.449 177.604 181.759 182.289 183.633 174.437
