Peta/tes_7.asc
ncols         300
nrows         300
xllcorner     119.9269289154
yllcorner     -5.5038513964
cellsize      0.00083333333333334
nodata_value  -9999
[rows 116 to 144 of 300, columns 132 to 197 of 300]
883.008 887.724 883.116 875.781 867.134 863.063 857.722 850.116 846.805 839.871 836.343 834.746 840.608 836.496 834.946 831.719 829.986 825.881 825.616 815.78 804.133 795.184 787.016 775.499 765.872 763.485 757.085 753.123 751.232 737.781 718.911 702.935 694.401 695.1 703.938 709.302 714.76 693.626 672.655 659.637 661.121 675.342 700.965 709.793 702.685 700.579 692.88 689.931 690.271 690.511 691.547 682.481 675.578 679.395 682.141 676.808 673.981 666.002 663.135 663.077 662.009 661.955 659.158 657.198 653.207 647.479
869.144 877.312 879.823 877.188 869.794 860.916 854.374 846.649 842.483 835.261 834.072 835.991 839.67 836.636 833.832 830.646 827.777 825.121 823.52 812.558 803.505 793.138 784.387 783.154 781.394 780.58 780.923 778.361 773.664 764.188 743.307 708.44 698.701 678.93 672.251 674.818 681.895 660.813 623.01 613.767 632.474 665.318 703.89 708.392 702.035 697.791 688.142 681.927 678.869 679.801 681.67 681.823 677.804 676.185 677.652 674.211 671.733 660.893 660.955 662.643 659.94 660.299 655.229 649.731 652.349 648.478
852.586 856.402 862.897 869.697 862.974 859.238 849.304 840.111 839.742 833.686 827.99 824.578 826.883 826.302 827.552 823.012 820.986 820.877 817.641 811.595 803.754 794.297 789.945 791.711 789.484 785.597 776.31 774.602 776.783 765.562 743.03 711.409 683.927 657.181 644.071 628.264 613.964 601.349 597.87 588.639 609.919 646.651 681.418 700.916 705.814 698.93 694.207 689.42 676.884 678.653 675.664 672.927 669.153 668.09 670.349 680.156 674.636 659.014 658.101 656.267 654.52 651.185 648.443 646.982 641.252 636.94
834.765 837.145 841.774 851.341 847.092 841.704 839.071 834.088 831.116 831.194 820.602 815.922 815.411 817.339 817.895 813.532 811.203 811.018 808.283 805.411 802.872 796.192 791.32 791.964 793.402 790.895 780.056 767.26 768.689 757.697 740.897 716.072 699.868 678.707 658.935 613.398 601.183 623.091 646.669 643.598 631.607 635.483 657.086 681.746 701.79 694.467 689.773 690.597 677.964 670.632 672.476 670.162 665.913 663.054 668.627 674.906 667.64 662.991 663.381 662.081 657.062 653.873 653.905 645.278 640.211 638.579
833.747 823.089 824.593 829.992 827.889 823.808 820.999 817.89 813.215 810.46 804.939 803.162 803.221 806.643 802.822 800.963 801.592 796.491 796.104 795.375 790.975 786.247 780.7 778.438 781.425 782.185 780.858 766.869 754.676 754.059 756.118 744.571 725.362 721.91 697.564 667 662.343 679.958 692.61 697.685 673.713 639.034 641.375 659.642 679.211 688.706 684.025 681.343 669.919 666.275 671.526 671.764 672.031 672.561 669.098 667.375 669.194 665.763 667.222 666.841 657.672 649.93 646.705 634.227 634.865 638.811
838.975 822.626 820.417 812.84 812.566 808.727 808.294 804.537 798.985 794.564 793.682 795.566 796.833 795.094 793.008 791.42 791.262 784.138 782.33 780.361 781.334 781.121 777.642 767.699 767.177 761.532 760.284 759.596 756.156 749.907 751.398 748.148 730.737 727.331 726.995 722.691 718.475 714.556 708.547 697.369 679.938 658.421 633.645 631.823 651.315 670.228 671.908 667.342 663.13 659.429 661.933 660.411 663.177 661.179 655.151 652.691 656.801 661.258 663.773 662.836 654.069 647.537 642.714 637.366 634.018 629.931
845.138 833.361 827.842 823.38 810.541 801.828 797.443 794.61 786.654 780.185 782.793 791.518 788.024 784.143 787.408 784.215 778.898 777.8 770.943 765.515 769.739 777.734 775.315 770.419 759.617 748.025 740.813 739.855 742.444 738.252 742.453 741.311 734.758 719.023 717.303 724.273 723.216 725.195 718.427 705.051 684.447 642.909 608.889 596.49 614.641 644.683 656.664 660.773 658.528 656.565 653.008 651.054 648.433 643.709 640.692 640.955 640.941 644.992 648.964 650.57 646.089 648.281 647.791 646.38 637.894 630.718
869.497 858.867 851.823 849.498 833.028 815.495 799.807 796.657 798.752 789.269 781.016 773.654 766.034 771.645 774.792 771.27 770.072 767.891 765.048 762.167 761.751 764.638 763.026 764.159 759.346 739.745 730.034 731.005 733.973 724.259 729.97 730.967 728.732 717.142 708.727 714.024 718.376 716.08 712.885 699.855 685.598 640.219 586.975 564.043 577.263 601.945 628.302 650.899 656.814 652.356 647.886 643.248 640.239 640.471 646.852 642.962 634.822 631.217 637.789 640.72 638.062 640.448 643.371 645.027 631.72 626.189
882.11 872.234 865.302 859.23 843.838 827.337 814.763 809.249 801.989 789.802 774.811 764.207 769.677 776.011 772.09 767.416 768.675 758.535 758.802 758.678 753.822 752.058 757.087 753.197 745.21 723.352 719.566 724.979 722.908 709.512 713.567 719.734 721.393 718.175 704.774 702.633 708.602 704.201 694.635 688.917 683.238 645.411 604.133 584.107 564.817 570.546 596.344 630.816 656.099 655.158 650.004 646.855 641.14 638.661 641.444 639.302 634.682 628.989 631.792 632.261 631.352 632.896 639.806 633.241 626.604 622.868
891.699 883.903 874.84 863.505 854.723 843.564 828.413 815.69 801.645 793.253 788.796 783.688 787.215 789.711 784.441 773.354 764.505 758.311 749.514 752.463 750.772 745.039 749.716 739.62 734.162 726.161 719.302 713.153 708.266 703.736 706.675 709.479 709.107 705.247 695.531 687.111 691.376 693.574 691.116 676.86 674.489 663.295 638.977 623.578 584.774 554.392 564.203 607.181 657.34 662.355 657.809 655.687 653.262 643.382 637.271 631.261 626.045 620.053 615.342 616.878 616.397 618.312 625.218 620.441 620.253 616.46
892.424 887.339 882.094 877.682 863.964 847.055 837.958 827.432 817.179 808.723 803.284 801.475 791.789 778.427 770.193 770.231 763.599 759.56 748.907 742.972 742.262 742.072 738.03 731.917 730.833 729.226 721.722 708.396 698.102 694.158 694.986 693.659 692.076 690.786 687.713 675.959 672.537 679.665 684.954 674.553 665.102 669.354 663.626 643.429 594.654 560.715 546.872 585.446 631.054 657.039 657.654 653.185 645.347 643.14 640.438 638.742 628.613 614.644 606.872 606.942 603.683 602.679 608.734 612.15 609.986 605.116
894.579 889.428 882.564 870.775 857.762 847.08 842.575 836.293 831.461 818.317 802.44 797.439 789.745 778.921 765.228 761.675 757.393 758.73 753.125 740.011 731.56 732.924 735.479 735.189 736.335 734.904 729.107 715.82 702.704 687.327 682.656 680.04 675.659 671.935 666.183 656.957 647.491 651.893 669.719 670.876 656.403 652.864 652.397 652.211 623.819 588.698 567.178 580.169 605.218 630.968 649.056 657.873 644.787 642.425 645.077 641.976 631.45 621.994 619.729 617.362 605.948 600.045 608.427 615.499 606.957 598.953
885.493 883.987 877.632 866.966 864.874 860.922 849.847 836.426 822.395 813.242 809.429 804.51 797.591 791.356 777.309 772.04 768.035 762.356 758.085 750.216 736.866 726.768 722.054 725.875 731.091 730.596 727.008 727.181 713.322 692.181 680.551 672.216 668.765 662.918 660.476 658.571 649.419 643.285 645.359 653.096 654.148 646.753 636.138 632.29 621.604 607.444 598.953 581.303 584.695 597.753 616.233 634.056 637.37 639.018 641.833 636.07 631.474 630.339 631.059 624.826 616.333 599.236 603.315 610.548 604.431 595.441
893.823 888.791 878.716 871.251 864.22 854.137 839.209 827.405 813.965 810.054 802.921 800.452 797.818 792.279 779.92 770.532 769.095 764.433 760.524 759.479 751.839 742.174 727.929 720.23 716.714 722.467 720.741 721.054 712.209 699.318 693.497 685.899 685.675 682.719 677.506 674.561 672.493 656.724 637.227 631.38 642.22 649.389 642.766 633.654 617.232 604.817 596.537 590.632 571.588 563.506 581.437 615.133 630.132 635.046 637.48 633.388 629.823 630.992 631.208 626.659 621.442 611.111 594.929 594.114 598.032 586.76
893.854 880.607 868.499 862.831 856.102 848.12 834.49 823.188 814.845 808.999 804.741 801.674 793.794 785.822 779.32 775.007 769.5 765.551 759.595 755.13 751.528 745.057 735.885 723.509 706.454 712.02 711.501 708.46 704.723 703.185 698.827 694.519 693.14 689.243 681.853 675.895 672.95 663.749 648.304 632.626 627.945 629.878 631.742 636.118 618.153 603.382 596.927 593.972 576.466 539.802 548.512 589.031 621.481 638.398 637.044 633.818 629.93 626.207 618.998 621.186 623.136 617.369 601.616 588.867 584.982 580.697
877.232 868.472 861.097 854.396 852.035 850.347 839.015 824.607 811.191 808.04 804.818 797.089 793.262 782.264 769.051 763.846 758.153 756.004 753.433 749.84 749.144 748.728 742.632 730.974 709.162 700.877 696.542 698.317 702.657 702.995 697.591 692.315 692.004 685.31 682.742 675.577 669.927 661.568 649.287 631.797 620.202 619.775 618.19 620.634 618.944 604.525 597.692 592.764 586.447 553.992 537.746 575.877 627.341 638.659 631.178 621.957 615.994 614.307 613.529 613.805 616.561 614.623 608.423 600.609 597.176 599.992
854.88 850.705 844.862 839.18 840.81 841.112 833.097 816.805 807.808 806.312 803.641 798.455 791.989 781.477 778.253 773.411 760.744 748.957 744.85 742.162 741.556 743.479 735.576 725.829 712.105 701.839 694.935 690.515 696.214 699.705 692.717 687.347 685.398 682.284 679.09 674.537 669.759 661.229 649.197 635.432 630.788 630.024 620.179 611.954 608.362 604.714 603.185 604.829 596.88 585.102 566.96 573.791 599.413 619.346 623.773 616.373 608.831 607.81 608.493 606.09 603.981 600.474 600.471 599.52 600.896 604.326
853.45 847.248 842.19 827.413 827.145 825.157 818.735 810.875 803.487 800.714 791.21 785.981 786.815 781.663 776.953 773.324 765.445 748.9 741.021 733.184 730.918 728.23 719.572 712.23 706.904 702.42 694.677 683.939 679.665 683.258 682.541 681.949 678.044 677.266 674.926 671.23 667.868 663.591 654.708 647.573 647.181 645.221 635.256 625.551 617.615 607.655 603.602 603.195 601.826 593.409 576.44 561.268 574.758 599 612.839 612.542 605.283 606.299 605.964 602.895 601.529 598.923 598.367 594.909 595.353 596.665
859.315 855.351 845.16 824.841 813.913 808.492 806.398 805.009 797.324 795.335 789.881 781.405 774.867 770.379 764.225 756.998 749.414 742.415 739.316 730.536 729.131 720.581 721.788 718.736 713.406 706.786 701.836 691.006 672.602 666.308 667.395 671.154 664.97 663.009 666.498 665.365 660.351 657.301 650.508 648.514 649.403 649.235 642.708 638.484 633.583 622.301 607.056 580.713 591.819 604.535 578.127 536.37 553.636 580.888 596.269 607.635 603.224 604.417 603.891 603.932 603.602 601.366 600.579 595.722 592.705 588.211
845.5 843.125 841.37 833.296 817.865 812.112 807.039 803.162 794.762 789.361 780.468 777.819 772.247 772.751 765.876 756.772 750.208 739.206 733.597 728.162 729.879 724.093 718.976 716.415 709.088 702.025 700.262 695.139 691.637 681.722 665.404 660.449 660.888 652.116 649.779 650.146 642.595 631.858 628.037 638.876 645.271 643.184 642.113 642.638 638.071 634.954 611.759 580.781 577.527 578.692 563.823 543.646 552.09 572.104 584.902 590.778 597.856 597.637 599.91 602.756 599.311 598.311 596.841 593.035 588.071 577.545
828.866 825.592 824.913 821.007 814.423 808.65 800.102 797.592 793.319 781.662 777.792 776.552 766.487 765.095 770.874 769.7 759.151 752.189 746.65 737.568 729.913 722.986 715.194 711.267 706.239 694.749 692.901 692.723 695.932 691.255 686.628 683.411 677.569 668.102 663.579 655.229 648.995 650.123 631.239 623.611 635.035 637.085 635.356 634.185 636.046 637.127 622.168 607.11 584.316 559.302 549.451 551.028 552.769 565.641 570.457 578.449 589.545 591.343 595.838 597.394 588.649 585.022 589.86 592.357 587.966 578.853
825.816 815.587 809.306 811.046 812.574 806.441 796.437 787.673 786.457 786.732 786.579 785.003 768.561 754.608 761.165 760.745 755.083 750.564 743.065 740.501 739.352 734.455 727.27 723.035 715.554 699.417 688.967 684.701 680.76 681.747 688.083 686.989 678.983 673.831 669.07 663.478 655.079 653.511 642.707 626.377 621.529 619.352 629.834 631.098 630.406 630.094 623.726 611.87 584.959 550.374 542.447 540.633 543.747 560.51 562.515 565.005 571.675 582.106 592.811 593.447 585.097 575.835 575.873 581.254 578.433 570.798
831.99 817.576 806.32 797.85 801.884 802.665 797.948 788.735 777.817 776.787 776.289 775.308 761.055 749.709 744.198 740.923 738.158 733.283 730.243 733.933 733.248 728.922 724.863 719.139 714.542 705.907 698.419 693.049 683.043 677.619 672.284 668.103 664.746 659.555 656.148 652.751 645.067 643.186 641.71 634.238 618.96 601.789 608.537 607.324 608.479 611.203 605.241 575.859 549.334 543.477 540.618 530.728 531.607 548.257 553.047 555.203 557.978 567.391 580.337 583.438 577.639 570.034 570.856 576.372 568.948 564.158
830.19 825.455 816.02 807.509 798.469 786.581 786.729 785.143 774.879 769.596 774.802 775.23 766.242 756.496 748.714 744.303 731.092 722.623 720.566 729.486 730.822 722.69 718.234 717.036 712.51 706.207 699.496 694.071 689.248 684.194 675.396 665.564 659.759 656.909 659.943 660.634 655.723 646.862 639.497 637.924 626.83 615.044 601.51 599.029 596.43 586.537 568.988 570.583 586.246 600.987 578.098 542.274 523.659 511.6 528.359 548.434 555.145 557.404 558.987 557.456 561.317 570.617 574.322 574.534 568.686 561.564
810.455 816.023 809.223 804.963 796.146 782.327 776.054 774.149 763.725 760.28 766.06 765.206 763.768 759.763 756.755 749.233 734.761 732.051 719.581 714.009 717.498 718.714 715.899 709.858 707.221 704.058 699.835 694.234 690.999 685.722 678.433 669.889 664.908 665.375 664.741 663.818 659.265 653.677 648.143 644.379 641.411 635.274 629.392 623.655 613.31 610.603 612.214 612.928 614.132 613.991 600.313 565.178 539.712 527.069 524.391 540.851 556.89 555.287 553.854 544.694 547.838 563.705 576.902 579.208 572.705 564.107
784.076 799.443 802.587 794.962 789.488 784.56 776.935 766.947 752.485 751.181 747.777 740.106 742.031 747.294 749.008 743.781 742.954 739.469 725.385 712.473 702.193 708.315 715.825 708.061 699.998 693.03 691.457 686.917 685.701 681.482 672.251 664.664 659.592 657.303 654.851 653.47 652.352 649.7 647.814 642.822 639.728 634.876 636.44 633.963 628.36 622.058 617.42 612.976 609.7 605.985 605.167 595.35 591.076 569.99 541.873 539.894 541.57 539.27 546.548 541.046 541.217 549.798 567.352 583.143 580.699 568.802
777.037 784.839 795.395 794.351 786.721 781.071 766.295 758.854 749.514 742.623 734.256 723.45 719.257 725.612 732.77 725.879 727.181 727.203 724.283 718.668 705.096 707.589 714.403 706.2 696.893 691.374 688.344 681.121 676.765 670.637 671.335 667.469 665.457 664.326 658.419 650.089 646.162 642.99 643.403 640.773 634.935 632.941 630.411 628.049 628.548 621.722 615.334 607.826 603.624 600.257 598.719 594.637 593.973 589.333 568.461 540.791 535.16 519.119 518.304 527.843 535.017 540.127 551.532 565.246 572.792 569.414
773.913 775.1 784.378 784.14 779.659 774.881 761.146 758.023 753.805 746.854 738.673 726.631 712.44 711.819 716.48 715.188 716.624 712.061 712.235 707.229 698.871 693.388 696.105 689.49 687.999 691.204 692.818 690.777 679.857 667.912 662.909 667.97 672.227 666.265 659.551 653.678 645.279 639.438 639.539 639.479 633.174 630.343 628.592 625.307 626.362 622.067 617.225 610.763 604.302 598.234 595.194 591.913 587.591 583.397 578.759 570.229 555.318 529.158 504.074 495.213 510.172 527.369 535.624 541.788 553.631 559.742
771.926 771.842 785.677 783.333 777.547 773.171 767.405 763.841 758.898 750.848 740.183 728.645 712.721 702.773 700.109 698.344 695.674 695.244 699.458 698.365 698.597 690.708 682.677 673.518 672.389 674.679 682.3 683.307 680.704 672.894 659.839 661.653 663.171 661.759 659.981 657.293 649.324 642.944 633.414 628.646 629.132 623.387 622.62 622.14 623.548 621.537 618.773 613.378 605.432 598.99 593.904 587.397 584.909 580.859 577.556 573.026 569.18 560.862 526.815 506.35 498.994 502.11 513.889 522.357 531.018 533.99
