Peta/tes_3.asc
ncols         300
nrows         300
xllcorner     119.9269289154
yllcorner     -5.2538513964
cellsize      0.00083333333333334
nodata_value  -9999
[rows 174 to 202 of 300, columns 66 to 131 of 300]
1448.374 1427.76 1436.731 1472.921 1464.137 1414.263 1372.995 1338.912 1317.663 1310.667 1299.272 1286.118 1282.672 1266.795 1246.758 1243.977 1268.027 1322.433 1385.834 1451.507 1474.877 1454.669 1406.217 1345.531 1294.843 1258.525 1218.651 1187.89 1166.837 1151.323 1146.801 1143.465 1125.474 1104.126 1084.289 1074.929 1060.388 1020.2 991.893 986.862 967.517 933.001 901.006 872.975 851.353 826.905 787.965 745.743 702.363 663.437 633.928 593.861 567.852 545.821 532.937 514.875 486.582 454.69 443.877 446.969 462.071 470.892 443.498 422.712 407.563 394.799
1432.021 1404.918 1403.889 1448.899 1454.76 1417.326 1379.989 1346.762 1328.377 1319.967 1308.802 1310.751 1301.779 1276.615 1249.769 1257.778 1281.965 1326.894 1382.867 1440.197 1458.705 1420.408 1364.048 1312.359 1270.239 1244.022 1216.627 1186.509 1168.834 1156.025 1144.573 1130.169 1113.535 1090.139 1066.696 1038.386 1016.266 978.242 948.359 944.664 951.584 924.936 887.991 861.012 854.446 838.473 808.222 774.191 735.626 693.15 657.99 623.596 608.352 586.927 557.156 525.518 494.758 467.103 440.402 433.656 446.551 454.366 444.928 431.127 412.755 392.836
1417.513 1394.813 1387.204 1417.448 1432.307 1414.16 1384.337 1365.341 1349.794 1342.646 1335.289 1325.728 1300.385 1273.701 1261.904 1266.238 1298.78 1317.515 1361.643 1407.15 1415.477 1376.267 1338.878 1297.243 1261.726 1242.033 1220.023 1193.814 1177.446 1162.735 1149.387 1133.544 1111.334 1082.718 1057.249 1025.229 987.521 949.661 918.87 910.052 914.917 906.532 870.831 833.683 816.276 809.87 795.415 781.308 756.568 721.566 680.918 646.853 619.809 585.177 553.314 523.967 502.594 478.054 453.05 438.885 427.469 428.046 429.687 419.512 401.013 391.958
1392.247 1376.81 1366.486 1379.363 1400.571 1411.567 1400.797 1383.721 1372.307 1369.748 1351.994 1329.035 1299.102 1288.172 1282.244 1282.087 1296.774 1307.206 1330.652 1365.494 1373.623 1352.619 1326.157 1297.102 1272.737 1252.748 1233.418 1208.751 1187.146 1171.618 1157.369 1137.842 1116.411 1094.307 1066.879 1029.107 987.586 935.774 894.399 862.979 849.942 866.41 838.418 800.75 781.841 775.753 763.981 759.432 748.339 718.503 686.812 652.209 613.783 577.838 553.885 532.497 515.082 500.082 473.107 453.54 432.937 421.446 416.674 412.719 408.619 398.296
1385.168 1361.109 1337.161 1358.138 1388.428 1401.304 1402.731 1393.27 1387.486 1378.867 1357.513 1342.072 1335.976 1329.339 1317.645 1312.103 1317.611 1325.031 1335.157 1353.24 1360.403 1349.621 1328.937 1305.326 1291.547 1276.622 1249.786 1224.176 1204.327 1186.508 1164.506 1139.461 1107.251 1075.346 1041.73 999.13 963.377 929.54 890.443 842.542 816.39 811.99 794.16 765.556 743.772 735.517 726.032 724.627 725.36 707.142 677.476 642.611 603.213 561.502 539.762 521.644 506.558 498.233 481.827 463.308 440.922 427.649 423.783 419.71 414.406 400.734
1397.441 1359.011 1320.65 1336.614 1374.318 1372.553 1381.021 1387.224 1375.08 1349.713 1337.354 1352.562 1363.404 1363.987 1351.191 1351.778 1352.63 1359.393 1367.564 1384.031 1380.036 1359.818 1344.645 1339.132 1319.924 1292.7 1261.197 1235.887 1211.637 1188.502 1166.126 1144.375 1109.988 1075.26 1035.911 1000.402 967.465 929.432 898.548 855.485 813.807 781.792 752.931 732.987 713.28 700.911 686.461 681.594 680.02 670.488 653.297 635.781 601.846 573.538 553.228 525.605 500.47 478.194 472.732 460.489 444.109 432.337 426.809 419.582 411.089 406.112
1388.258 1349.309 1299.617 1290.474 1330.87 1342.495 1359.924 1357.12 1336.476 1314.064 1310.523 1338.02 1359.853 1361.168 1362.501 1368.902 1381.583 1380.611 1381.329 1397.879 1390.523 1372.993 1371.649 1358.689 1333.917 1305.234 1272.731 1241.646 1213.782 1185.107 1166.581 1148.01 1124.796 1098.009 1067.696 1031.214 993.879 959.776 924.459 885.327 847.174 797.913 756.011 727.801 699.846 680.952 652.383 640.406 633.949 625.902 612.411 604.73 598.992 588.05 565.016 528.28 500.234 473.795 462.754 451.69 443.071 435.193 427.533 420.519 415.95 418.124
1361.339 1324.887 1285.998 1289.719 1306.125 1324.843 1346.87 1325.452 1299.11 1287.404 1297.777 1330.453 1347.375 1348.565 1345.769 1358.83 1366.133 1361.489 1361.224 1372.021 1385.877 1389.683 1376.54 1358.49 1343.618 1322.97 1295.856 1256.704 1223.073 1193.751 1179.977 1161.861 1143.812 1122.304 1087.595 1043.92 1001.005 969.817 938.205 906.252 870.816 823.745 784.423 752.728 720.709 691.085 664.828 644.798 622.702 602.29 588.636 574.861 573.313 568.07 548.899 523.921 496.934 478.625 466.649 455.649 447.51 440.519 429.169 423.583 430.781 443.913
1336.828 1310.611 1282.999 1276.729 1287.18 1314.229 1318.632 1290.855 1274.609 1268.742 1290.302 1317.312 1329.521 1327.512 1323.421 1335.686 1337.344 1331.164 1334.354 1352.667 1385.92 1404.471 1386.575 1377.879 1383.765 1371.978 1344.006 1305.565 1254.751 1221.498 1204.591 1187.273 1173.505 1155.871 1124.003 1069.26 1000.009 964.876 944.602 916.066 879.01 839.607 802.322 768.508 734.948 705.882 681.254 661.988 635.881 609.828 592.776 576.762 559.191 546.002 526.629 508.603 493.467 482.79 472.614 460.256 448.916 442.189 430.097 435.238 443.197 448.504
1315.315 1292.121 1272.634 1259.302 1280.234 1285.786 1282.072 1261.554 1245.967 1250.525 1276.985 1298.423 1314.831 1310.148 1305.354 1323.48 1321.599 1309.053 1326.449 1354.827 1392.661 1426.823 1424.434 1431.245 1446.803 1434.609 1402.221 1356.123 1295.527 1248.992 1222.539 1210.755 1210.283 1189.321 1151.684 1100.726 1008.993 960.406 943.351 917.197 878.855 836.217 800.604 771.628 746.715 724.616 697.166 670.932 649.585 626.774 603.009 578.221 559.839 545.124 530.984 507.366 492.514 488.81 483.021 461.591 448.835 443.619 440.511 444.051 448.952 446.796
1299.77 1278.496 1258.625 1250.164 1268.182 1256.589 1250.619 1235.932 1225.734 1241.739 1267.837 1290.988 1310.826 1298.644 1294.909 1311.929 1301.547 1301.925 1325.054 1349.385 1409.52 1452.974 1464.913 1477.376 1484.862 1471.929 1437.956 1393.199 1326.333 1269.564 1241.562 1238.495 1230.604 1196.05 1158.902 1112.523 1044.301 979.191 941.293 910.188 881.538 846.975 818.919 787.153 759.453 732.765 712.413 695.976 673.3 647.131 618.058 591.901 574.762 552.897 534.952 517.807 500.698 492.229 476.638 461.228 455.724 451.126 448.394 452.051 455.938 455.48
1285.716 1267.405 1244.586 1240.388 1249.303 1233.684 1221.333 1209.048 1215 1238.764 1265.855 1291.236 1300.482 1283.523 1288.801 1289.533 1286.298 1299.239 1320.473 1342.106 1408.328 1484.164 1494.802 1493.606 1492.298 1476.842 1449.663 1399.639 1339.494 1293.208 1259.513 1243.001 1227.226 1197.584 1153.541 1106.328 1052.53 994.719 951.71 919.45 895.755 869.722 844.013 819.512 789.674 758.538 743.108 726.799 695.708 663.414 635.016 606.093 592.531 570.093 541.386 520.941 493.355 485.312 478.116 470.809 464.302 459.664 456.515 459.553 460.883 464.241
1276.144 1256.089 1231.773 1226.389 1222.932 1219.511 1202.337 1190.595 1205.54 1235.835 1258.477 1287.225 1290.362 1271.45 1266.688 1262.648 1279.251 1305.661 1324.021 1347.796 1398.858 1450.873 1478.772 1486.108 1483.446 1469.045 1441.802 1399.631 1338.849 1288.197 1250.159 1218.907 1202.937 1181.84 1143.125 1088.751 1037.033 982.887 943.669 908.453 882.111 867.126 859.44 848.058 817.456 792.049 771.675 739.028 697.102 657.51 624.163 588.248 571.992 554.247 526.006 509.581 497.129 491.298 482.858 474.605 466.089 459.8 462.508 463.168 461.792 471.745
1269.474 1252.021 1227.031 1208.92 1201.626 1206.789 1185.058 1179.461 1204.646 1234.718 1253.193 1271.749 1278.848 1265.779 1250.933 1257.72 1278.54 1295.446 1306.393 1333.635 1379.525 1423.686 1447.175 1458.448 1460.347 1442.852 1418.065 1383.47 1323.885 1279.842 1244.838 1201.854 1176.357 1152.224 1123.48 1071.832 1016.244 956.672 918.371 883.081 848.656 826.356 818.685 804.831 798.331 789.456 763.543 720.274 674.102 630.207 595.381 567.274 544.425 530.074 519.07 510.085 502.686 495.664 484.889 475.917 469.976 465.819 466.63 465.149 466.046 485.3
1265.016 1252.046 1229.316 1209.984 1194.693 1187.446 1172.571 1172.568 1192.928 1226.024 1244.37 1252.648 1266.315 1266.403 1246.039 1254.659 1264.467 1270.491 1273.537 1310.573 1360.245 1404.686 1422.554 1429.688 1419.412 1400.863 1386.008 1362.653 1317.703 1264.028 1233.098 1198.802 1157.643 1117.658 1086.057 1041.147 981.424 931.433 892.681 858.853 825.69 799.096 777.969 761.205 749.654 743.979 733.855 699.319 654.351 614.823 583.201 561.815 546.916 535.401 526.949 514.898 506.569 499.121 490.6 480.614 478.096 476.507 476.694 473.055 475.694 488.564
1258.06 1254.76 1235.324 1220.217 1202.386 1179.736 1160.73 1159.433 1180.95 1208.57 1223.828 1237.005 1257.735 1256.517 1234.519 1243.917 1255.702 1265.381 1272.427 1296.764 1341.739 1383.42 1401.657 1410.094 1394.546 1365.046 1354.54 1343.348 1300.97 1256.987 1235.939 1213.204 1180.658 1133.344 1084.195 1027.781 982.178 950.964 906.426 875.404 853.287 822.615 792.498 768.096 733.663 706.779 693.731 672.247 636.108 605.636 587.192 572.975 560.23 542.052 532.343 520.365 513.936 503.264 495.441 489.993 490.058 496.091 495.981 487.626 477.291 468.539
1240.507 1245.63 1233.683 1219.615 1201.848 1181.387 1157.356 1151.444 1177.197 1200.142 1221.635 1237.786 1248.516 1242.472 1223.861 1235.31 1244.399 1255.665 1266.981 1283.084 1323.161 1346.35 1361.743 1378.128 1366.55 1335.792 1320.892 1323.711 1302.169 1276.419 1251.782 1227.257 1210.473 1168.013 1124.392 1068.356 1022.703 983.12 948.691 918.992 890.634 859.927 826.751 799.159 758.752 721.039 684.69 657.805 629.659 615.139 605.506 600.711 591.484 565.203 549.709 534.762 507.609 485.414 475.937 469.756 469.595 472.445 478.62 467.053 440.824 425.863
1219.112 1228.407 1226.362 1224.483 1206.12 1180.195 1156.596 1146.166 1169.515 1191.052 1209.549 1217.35 1220.563 1222.36 1213.501 1218.856 1225.739 1233.716 1251.73 1271.057 1299.786 1314.109 1326.956 1340.957 1334.616 1314.22 1304.423 1306.82 1292.276 1278.685 1255.37 1238.984 1230.026 1207.823 1158.228 1100.036 1047.319 1013.651 989.635 957.605 928.032 902.16 866.121 829.379 788.844 748.984 704.589 671.416 654.383 641.596 636.915 639.257 622.603 595.24 571.01 536.821 484.082 446.087 426.923 418.802 407.547 383.286 419.53 417.107 388.433 368.953
1209.134 1209.592 1205.254 1214.058 1208.966 1187.532 1166.007 1146.653 1156.999 1173.193 1186.153 1184.046 1195.655 1208.122 1200.722 1200.379 1208.028 1225.825 1254.415 1275.686 1291.574 1293.195 1306.057 1315.96 1308.87 1297.621 1296.525 1296.674 1282.19 1272.283 1263.228 1249.073 1240.56 1216.238 1158.751 1105.019 1068.235 1045.74 1020.019 993.594 973.162 951.735 912.752 867.136 821.806 777.915 736.512 703.243 686.891 676.67 677.071 669.076 647.411 620.726 585.597 534.527 481.804 427.509 393.541 382.383 369.256 365.806 373.02 360.931 340.737 329.759
1207.433 1197.048 1187.75 1195.743 1194.359 1176.572 1162.813 1146.579 1145.533 1158.352 1166.766 1167.429 1181.962 1187.853 1187.881 1184.417 1191.462 1220.41 1258.616 1276.307 1285.408 1278.17 1289.817 1304.093 1300.713 1293.465 1293.272 1285.92 1271.353 1261.698 1256.808 1247.798 1234.715 1213.229 1190.6 1144.531 1100.647 1076.539 1057.336 1040.414 1014.474 979.44 934.229 886.981 842.638 796.236 760.438 737.269 728.231 713.36 697.146 666.15 632.793 602.332 578.478 541.587 489.535 431.702 396.795 399.017 392.004 370.893 354.876 342.799 339.777 323.465
1216.08 1203.704 1202.729 1205.114 1187.6 1155.211 1143.572 1140.625 1140.62 1146.148 1151.478 1153.126 1162.244 1169.038 1181.855 1176.555 1192.527 1224.704 1245.216 1257.09 1260.912 1261.397 1275.125 1299.526 1302.04 1292.586 1281.911 1264.764 1249.507 1244.378 1240.246 1231.567 1221.196 1198.977 1171.99 1139.617 1111.278 1091.145 1077.736 1047.867 1012.359 973.205 938.311 898.834 869.679 831.98 795.311 771.377 752.617 719.2 686.414 655.174 621.811 586.304 557.677 530.78 485.11 436.949 412.82 431.242 429.587 399.781 367.79 335.944 316.489 305.644
1209.233 1214.11 1221.758 1209.932 1188.617 1154.355 1141.654 1150.074 1155.358 1147.417 1142.722 1140.508 1148.802 1165.948 1171.953 1178.712 1201.326 1224.711 1227.615 1233.625 1233.918 1247.062 1273.767 1301.141 1299.41 1276.415 1258.616 1243.14 1226.122 1219.261 1218.334 1218.112 1218.166 1200.229 1166.58 1130.708 1113.27 1103.397 1091.102 1062.899 1027.822 995.008 962.587 930.397 904.213 865.593 823.539 791.392 758.753 723.061 685.486 646.793 613.202 578.487 543.858 515.787 487.745 446.407 423.753 439.956 443.457 411.354 376.998 333.158 306.584 303.104
1214.429 1221.911 1215.976 1189.824 1170.49 1155.033 1157.406 1173.66 1178.33 1166.896 1153.539 1139.069 1140.348 1153.596 1160.364 1176.238 1188.53 1201.655 1205.699 1211.725 1222.457 1245.797 1269.353 1296.106 1299.276 1270.699 1245.979 1232.352 1218.414 1202.716 1197.547 1194.818 1194.528 1187.463 1166.889 1142.174 1131.016 1115.982 1107.713 1088.212 1050.424 1015.494 979.462 945.295 908.108 868.18 825.568 793.951 766.861 733.154 698.16 660.93 630.624 595.178 557.961 525.003 492.428 459.599 435.868 439.686 443.051 416.626 386.626 342.78 311.097 304.665
1231.022 1218.317 1203.865 1184.107 1177.997 1165.06 1168.953 1182.602 1184.037 1176.786 1164.3 1156.429 1139.966 1142.423 1152.932 1165.724 1171.206 1182.149 1192.196 1204.558 1226.002 1245.913 1273.31 1304.505 1310.801 1291.248 1265.994 1247.933 1225.13 1203.09 1188.473 1178.542 1171.067 1157.653 1140.335 1127.264 1119.124 1107.268 1096.45 1073.351 1037.91 1001.099 962.8 923.779 885.774 842.849 798.931 765.979 745.687 729.619 711.523 680.53 647.68 611.39 577.345 539.493 494.731 457.403 444.664 451.276 434.416 402.702 364.284 325.058 307.372 302.221
1232.783 1218.639 1205.57 1192.439 1182.967 1173.723 1173.823 1185.543 1189.533 1191.882 1184.918 1174.267 1148.178 1136.628 1144.236 1152.286 1161.679 1182.553 1202.884 1212.015 1233.738 1255.192 1278.973 1306.241 1303.264 1281.442 1259.176 1240.263 1223.39 1212.456 1210.386 1195.658 1174.2 1152.77 1135.282 1117.617 1112.671 1106.633 1088.055 1061.944 1016.083 978.602 953.967 913.722 877.078 830.238 785.825 744.409 713.755 695.431 683.629 667.256 640.643 605.47 563.347 524.751 476.594 461.185 478.468 465.222 424.701 377.917 334.433 307.243 304.802 312.26
1248.43 1228.067 1214.819 1200.621 1186.575 1177.839 1174.289 1184.483 1192.82 1200.047 1194.74 1184.366 1166.08 1143.904 1135.654 1141.581 1155.375 1173.138 1190.993 1205.054 1223.776 1248.042 1275.545 1297.027 1293.184 1274.458 1254.693 1241.383 1238.897 1238.833 1229.691 1212.449 1189.049 1166.271 1151.413 1141.329 1136.466 1118.647 1090.613 1055.096 1002.408 958.91 930.822 906.574 879.03 848.006 807.176 764.824 713.939 672.987 648.14 630.884 611.701 585.527 543.234 508.173 482.832 481.604 493.547 469.532 422.636 367.921 327.391 314.421 311.404 320.43
1260.108 1241.45 1221.083 1205.991 1187.604 1163.529 1157.164 1167.081 1177.159 1191.849 1200.562 1193.736 1171.388 1162.921 1146.089 1138.907 1143.021 1155.045 1176.756 1200.449 1227.833 1254.463 1281.359 1301.964 1303.348 1288.155 1270.681 1262.416 1252.622 1250.456 1234.914 1213.945 1186.967 1166.372 1155.98 1150.736 1135.851 1115.049 1087.056 1047.663 1004.197 956.391 926.664 906.214 872.671 840.437 810.848 764.282 708.747 669.739 658.467 636.413 609.765 578.42 537.988 510.621 501.073 502.156 505.247 476.486 433.467 382.501 361.546 350.027 345.264 344.065
1246.322 1233.303 1216.168 1201.801 1186.634 1168.685 1150.309 1148.148 1159.515 1175.053 1196.431 1194.283 1183.959 1184.014 1165.745 1151.263 1140.828 1144.713 1168.719 1203.806 1240.16 1263.4 1283.759 1297.925 1305.793 1304.781 1282.27 1259.841 1244.952 1238.945 1228.766 1218.885 1193.08 1166.148 1145.09 1138.903 1125.045 1100.541 1056.767 1022.051 983.126 956.538 939.998 910.283 881.842 837.082 795.803 751.769 712.826 706.283 701.508 674.846 642.447 607.487 571.066 539.321 533.029 532.31 521.243 495.03 449.813 410.938 407.677 398.72 383.718 366.436
1219.654 1214.811 1211.312 1202.423 1185.639 1169.336 1143.891 1131.329 1144.487 1167.101 1193.67 1205.844 1204.825 1191.712 1176.227 1170.821 1151.401 1140.306 1160.24 1198.045 1230.694 1248.745 1269.198 1282.969 1289.86 1296.906 1277.465 1260.278 1253.425 1235.203 1223.056 1216.101 1195.555 1161.815 1133.962 1113.783 1111.14 1088.205 1043.151 1011.85 988.151 975.828 956.066 940.819 918.544 865.454 811.855 776.922 755.88 749.657 737.546 707.134 676.569 640.278 605.18 576.077 570.033 557.35 522.955 491.237 449.039 438.729 454.192 441.734 406.476 357.142
