Peta/tes_2.asc
ncols         300
nrows         300
xllcorner     119.6769289154
yllcorner     -5.2538513964
cellsize      0.00083333333333334
nodata_value  -9999
[rows 90 to 119 of 300, columns 66 to 131 of 300]
229.088 219.754 218.235 219.008 220.08 224.36 225.687 224.032 222.503 230.105 240.874 233.749 232.551 233.669 239.875 244.022 241.399 246.753 253.427 260.549 247.345 232.923 241.371 226.781 220.137 224.595 225.973 232.535 250.405 257.265 257.562 260.09 278.22 294.95 309.055 317.491 332.258 355.359 382.847 411.344 441.749 450.535 450.437 439.192 454.532 484.084 496.277 509.194 521.626 530.126 539.064 552.908 568.188 586.414 603.926 634.206 657.423 659.8 674.047 695.904 721.934 731.226 738.308 770.058 797.189 827.373
226.154 211.042 197.528 200.81 204.215 210.164 214.966 218.537 222.604 223.588 227.188 222.916 229.083 232.981 240.536 235.532 230.467 238.611 248.498 251.42 240.126 228.931 239.823 226.853 217.143 221.672 219.648 225.291 243.256 260.962 268.179 278.671 289.911 302.761 315.191 330.493 349.75 375.584 395.559 401.427 408.502 411.517 405.453 385.426 381.189 394.866 414.29 440.526 473.447 504.059 526.643 537.227 552.714 571.152 601.003 628.127 637.033 632.548 634.749 652.033 670.057 695.926 709.945 730.728 771.05 798.247
211.377 193.01 172.241 170.886 177.431 194.468 204.141 204.719 215.217 219.98 225.215 219.278 225.702 234.942 234.625 226.342 219.752 227.91 236.119 235.168 239.12 234.943 238.26 232.658 216.589 215.791 218.692 223.827 237.189 254.754 273.193 284.178 295.869 311.153 326.217 341.507 359.356 372.484 367.888 363.375 368.516 370.857 366.186 360.761 359.977 360.737 370.588 386.26 416.137 462.565 507.951 531.843 545.163 566.53 592.502 605.692 606.148 608.563 619.972 633.949 647.379 666.109 680.352 689.983 719.902 763.227
178.409 175.436 174.956 157.375 160.513 177.55 189.724 191.682 202.777 212.837 211.814 202.098 212.352 228.709 222.609 208.416 206.886 217.868 228.968 229.515 231.514 230.715 225.644 222.728 210.461 217.109 226.87 225.952 236.878 253.985 270.098 276.776 289.33 310.626 331.079 343.534 350.635 349.457 340.763 337.887 337.873 339.967 342.74 349.065 351.52 351.579 354.989 360.762 375.559 414.934 473.389 514.135 537.186 556.708 572.143 578.3 579.686 584.707 597.835 606.991 616.561 640.492 672.12 686.294 691.7 717.089
185.547 195.187 196.308 166.044 157.387 159.438 165.518 172.477 182.037 191.982 190.33 191.261 199.58 212.787 215.705 198.88 193.095 197.757 205.037 207.528 214.11 216.569 207.727 202.996 205.03 217.447 230.412 234.384 236.565 243.808 261.867 273.359 288.963 308.541 321.86 331.77 334.546 332.95 329.394 326.335 321.829 320.705 333.184 342.159 341.81 340.38 345.228 352.088 359.803 388.351 441.274 486.455 517.03 533.627 539.888 545.507 551.783 557.951 569.573 579.755 601.869 628.71 652.802 676.286 687.151 696.576
200.224 198.169 197.638 188.384 172.718 165.271 161.854 167.099 170.684 171.336 176.686 180.442 193.035 206.678 206.507 191.028 183.762 184.09 187.723 196.449 197.353 199.885 196.938 197.751 201.795 211.091 225.868 231.025 240.588 246.41 259.18 272.782 288.411 296.911 306.905 319.086 323.356 320.742 311.803 307.697 304.131 307.404 317.466 323.21 327.699 331.591 339.499 347.042 354.486 378.276 419.844 458.01 486.207 497.086 503.774 508.661 517.822 527.013 539.94 564.312 594.844 619.385 644.724 665.02 681.066 691.43
214.026 200.793 201.76 213.208 211.25 199.127 188.447 193.6 191.509 178.988 173.265 175.525 184.893 193.011 196.537 187.334 184.272 189.442 195.534 196.066 193.211 197.673 199.032 200.706 203.086 207.832 212.321 218.839 229.218 238.915 250.425 265.98 276.965 282.948 296.926 306.232 305.751 303.583 294.134 286.15 283.271 287.472 298.498 307.191 314.671 318.568 331.058 341.702 353.064 374.485 408.088 434.946 454.861 465.303 464.428 468.064 485.785 507.938 532.014 551.21 575.94 604.251 630.75 645.944 663.463 680.98
244.77 224.533 210.961 206.699 209.637 208.747 201.817 209.314 215.754 199.007 193.924 195.697 191.47 186.963 188.693 186.906 197.15 215.062 228.476 220.747 209.276 213.791 217.028 218.155 228.608 230.458 218.829 215.205 218.451 228.019 240.289 258.003 268.621 275.328 287.824 288.9 284.584 280.738 271.789 269.764 270.412 284.009 292.478 298.714 302.497 312.155 322.897 336.194 353.613 374.097 405.401 417.789 420.437 421.183 426.735 456.871 487.231 506.632 514.906 530.423 551.394 571.716 602.4 623.807 646.014 661.85
278.392 256.583 234.728 214.207 201.326 209.114 216.152 212.414 212.125 209.118 212.541 222.978 222.684 212.135 189.8 189.293 201.141 224.005 233.64 230.571 231.122 237.699 241.565 237.319 243.966 241.961 234.487 225.732 223.164 222.295 235.487 253.287 268.551 277.68 277.733 270.5 265.865 260.047 262.415 274.204 288.01 301.073 307.32 309.792 314.625 325.713 327.731 329.964 349.784 371.982 394.589 396.678 392.145 406.791 430.816 463.857 477.461 482.743 491.285 505.257 530.325 553.087 585.102 610.73 633.748 663.419
299.952 282.722 257.264 233.592 207.462 211.757 216.356 195.139 191.478 201.529 214.24 217.565 221.134 215.902 198.115 199.134 202.249 215.276 223.047 231.476 240.354 241.168 242.624 244.23 249.396 249.878 242.904 240.729 239.359 221.583 225.368 242.315 260.848 269.789 265.345 255.568 253.796 259.514 271.712 287.941 301.562 313.526 326.44 342.612 354.565 367.795 360.921 341.19 334.79 355.05 371.496 375.56 394.621 414.287 432.174 440.024 448.955 458.761 477.17 494.76 521.739 554.759 589.587 612.998 635.762 672.644
319.373 300.794 274.521 246.11 219.367 212.775 203.931 184.831 185.498 199.725 212.404 211.436 213.289 205.04 198.716 207.304 214.871 214.354 211.251 223.262 238.158 245.486 243.557 241.548 246.129 254.056 253.25 252.829 254.285 235.85 223.66 233.091 247.47 254.436 251.503 253.216 266.44 281.317 291.084 305.218 317.251 329.377 362.17 386.267 407.827 416.424 401.727 373.356 346.171 345.082 359.597 372.418 386.366 398.398 407.942 419.168 445.054 470.884 495.066 524.164 549.528 580.005 603.23 622.746 652.552 691.011
339.576 308.78 283.633 259.461 231.567 213.178 206.609 209.995 211.109 208.087 217.041 223.596 216.149 199.884 203.902 213.808 224.048 229.113 214.048 218.722 230.2 235.329 240.188 242.854 248.229 259.019 264.795 261.224 259.625 251.764 233.581 227.31 235.191 244.214 255.685 272.606 286.223 304.153 312.696 322.789 330.415 355.697 398.366 412.057 417.614 427.051 433.98 425.95 389.824 366.089 374.458 375.355 376.878 390.53 408.281 430.289 458.869 496.491 528.353 554.309 580.223 605.015 628.989 649.904 681.248 719.495
356.653 316.408 291.678 266.882 240.339 228.238 232.708 227.686 211.034 206.337 219.417 234.181 227.366 207.886 220.271 232.956 239.469 243.13 232.218 225.256 227.107 234.965 237.091 244.744 251.668 266.814 270.199 270.027 265.292 253.638 244.727 234.289 237.328 255.885 276.736 290.142 306.362 320.549 329.849 340.853 354.292 382.341 407.786 414.193 422.341 435.281 437.037 430.677 408.298 384.967 390.521 395.795 396.154 415.436 440.128 458.361 484.977 517.944 544.282 568.911 595.57 623.208 653.189 676.568 707.677 745.245
377.704 332.052 298.621 268.874 243.312 233.333 241.155 238.021 230.302 229.245 233.017 241.997 242.526 229.893 225.866 233.052 242.282 248.767 243.442 223.868 225.134 238.778 251.878 257.976 260.561 268.916 272.959 276.642 274.309 264.022 249.82 237.625 241.482 262.694 288.092 306.895 325.967 345.718 365.747 381.609 399.069 415.801 410.298 412.714 429.895 448.56 445.763 428.975 405.728 391.217 392.706 399.501 409.712 423.747 440.528 466.647 493.48 519.678 548.243 571.965 598.94 625.213 657.703 679.708 710.789 733.467
369.508 331.52 297.924 271.234 249.075 241.943 250.893 251.77 250.255 241.836 240.991 249.662 252.105 245.094 240.093 236.265 244.025 254.233 250.523 230.601 228.407 242.818 259.94 271.843 277.47 278.02 283.772 282.142 280.535 277.482 266.05 251.259 250.19 271.476 295.368 314.605 338.119 375.576 410.08 421.645 425.537 426.606 422.007 427.049 443.217 457.29 456.061 440.667 417.371 412.712 415.312 411.642 416.818 428.11 446.234 467.568 484.936 509.761 538.561 564.77 591.312 615.946 648.313 666.872 690.009 706.75
345.754 319.208 289.606 272.43 256.114 251.951 260.169 262.914 258.93 250.135 251.384 262.96 263.02 257.166 258.281 257.183 260.203 258.535 253.292 240.209 230.257 242.47 260.487 283.001 299.579 294.822 293.914 293.783 297.583 291.375 278.339 270.396 265.822 276.291 300.838 316.838 349.368 389.539 413.726 420.569 419.141 432.731 439.979 445.649 457.2 466.184 466.775 453.124 438.857 435.486 445.966 443.199 431.581 434.085 453.03 472.388 491.844 514.847 538.11 559.825 578.455 598.047 630.766 655.101 679 700.531
328.339 307.075 282.791 269.881 257.679 264.676 270.9 272.946 267.519 260.026 266.635 281.394 276.502 271.871 278.749 279.137 270.909 266.061 263.006 252.281 236.947 241.025 259.414 285.127 302.135 302.417 302.968 306.877 309.656 293.302 284.564 292.4 290.374 287.518 308.363 329.352 360.95 386.5 407.613 413.062 409.028 412.69 428.926 448.256 467.546 484.447 487.851 478.842 466.798 464.007 479.792 480.301 454.911 453.466 465.522 475.899 495.238 510.959 528.767 546.759 564.235 594.252 626.139 648.504 668.948 689.138
332.003 307.853 283.736 272.478 274.389 286.694 287.296 289.393 278.978 266.498 276.552 291.778 289.012 282.034 289.191 292.732 281.982 272.814 274.376 266.258 246.614 241.078 260.191 285.901 300.643 305.758 310.464 318.201 318.724 304.332 302.113 311.101 310.024 305.451 319.556 354.648 380.287 390.07 394.085 396.14 400.854 409.816 424.461 445.915 466.744 487.196 505.953 512.488 502.698 501.729 508.985 497.522 484.793 482.25 490.935 499.23 503.923 512.311 538.381 563.075 578.128 600.124 622.202 644.333 667.21 689.283
310.454 294.664 284.958 291.88 298.519 305.505 302.966 298.74 290.234 277.467 281.984 296.932 294.595 287.071 291.911 300.97 300.052 297.717 293.152 272.163 259.113 249.968 259.259 282.245 292.305 294.926 305.512 316.413 322.021 313.466 313.665 320.632 326.469 326.318 330.959 355.923 383.249 398.729 405.808 407.674 409.167 410.679 421.16 439.491 456.171 484.482 508.259 526.506 528.051 528.662 532.263 525.408 508.596 508.412 516.583 529.061 535.078 539.96 562.907 584.714 599.644 615.521 633.737 656.242 674.71 699.635
292.696 294.393 301.098 307.547 311.769 314.195 317.746 309.095 302.369 293.181 295.809 306.504 300.154 287.019 299.954 313.358 317.637 316.354 310.474 286.707 282.281 270.133 262.157 269.155 279.978 294.117 311.017 319.744 328.011 329.394 331.769 331.427 337.636 348.535 351.268 364.047 386.907 400.44 405.248 412.291 420.034 425.936 428.882 436.767 450.398 478.379 509.066 531.636 551.853 564.825 564.012 554.072 540.739 541.036 549.134 561.652 570.12 576.256 588.824 611.301 625.287 637.413 652.516 670.913 694.934 710.665
300.771 311.223 320.718 322.937 324.308 326.633 329.642 324.008 320.147 312.144 311.675 320.314 317.12 301.283 306.708 319.196 326.673 330.493 321.728 306.228 302.581 290.214 274.794 267.66 274.351 292.103 311.839 320.378 331.973 337.94 347.196 343.089 348.604 369.003 385.178 391.263 401.74 406.814 406.354 411.302 427.677 439.367 446.41 452.022 456.408 476.319 507.99 534.893 562.208 582.474 573.71 565.323 559.377 558.809 561.464 562.56 570.72 582.823 602.879 623.205 640.844 655.918 670.131 686.931 697.847 690.843
326.974 333.048 340.048 340.608 338.518 336.269 338.117 335.06 331.304 328.29 325.829 329.161 329.805 321.994 322.945 331.844 340.247 340.503 334.008 328.319 323.753 316.42 304.567 290.504 286.106 293.057 308.89 323.204 335.702 339.271 350.151 356.52 373.488 397.292 422.559 425.053 421.107 421.019 416.827 416.865 423.731 440.098 458.008 479.65 483.797 499.972 522.293 542.945 565.469 568.281 555.434 547.792 537.346 539.879 544.201 542.918 550.181 565.884 585.25 605.824 629.832 650.002 665.668 673.418 667.129 656.812
340.127 345.012 355.788 357.602 352.644 342.478 335.825 335.176 328.853 325.263 320.707 322.003 326.184 328.234 338.796 338.602 344.336 348.202 345.978 339.645 344.541 338.547 322.699 305.925 301.088 302.118 311.635 328.388 343.231 357.236 371.611 384.549 407.342 436.436 457.815 453.715 443.063 445.837 434.124 428.441 428.146 443.212 470.28 492.241 510.306 529.334 550.148 564.481 566.394 547.681 528.978 521.706 508.488 513.539 518.789 515.688 525.085 541.889 559.662 586.622 609.653 629.065 643.976 652.774 646.943 625.288
342.735 350.675 355.415 352.29 341.745 330.46 325.946 328.446 323.445 316.644 311.816 317.016 318.307 322.459 330.955 329.521 333.983 344.005 353.431 350.418 358.02 346.558 333.303 319.779 319.782 320.964 320.783 335.266 350.403 369.103 393.607 419.299 446.44 475.173 486.383 472.125 472.122 470.012 452.745 449.77 441.299 443.927 457.19 483.905 523.479 548.481 563.628 569.047 555.326 529.131 510.476 503.259 489.782 487.221 491.378 495.866 504.919 519.13 530.068 573.543 592.416 602.516 615.731 628.501 630.804 596.488
344.345 340.742 340.461 333.681 329.087 324.219 321.123 322.66 317.125 311.386 310.488 311.958 306.273 309.287 313.446 312.222 319.503 335.207 351.732 357.718 360.198 351.918 342.507 330.743 326.599 331.66 337.163 351.676 363.324 373.121 398.54 434.373 471.165 495.491 501.199 491.602 495.32 484.377 469.038 467.092 460.588 456.496 466.531 487.419 516.926 534.116 540.892 542.541 537.082 518.884 498.54 483.497 471.568 471.179 470.646 477.028 487.688 497.901 513.696 556.427 572.168 575.609 587.243 603.025 610.848 583.431
335.611 325.31 326.609 325.642 323.638 318.382 317.167 321.731 314.935 306.93 305.032 298.527 295.221 296.808 300.207 303.302 313.643 329.935 343.113 352.599 362.703 369.021 363.473 351.358 350.779 360.771 374.055 386.992 395.464 403.251 421.826 449.913 477.415 498.282 510.24 508.336 516.603 507.155 495.865 494.124 484.444 482.874 481.511 485.355 494.054 500.825 506.951 513.987 516.446 507.428 488.594 468.296 451.923 445.29 450.793 464.873 477.643 493.243 510.346 532.199 545.094 558.03 570.303 586.392 587.629 563.298
322.798 319.86 314.25 316.219 315.913 311.489 310.615 312.28 307.355 301.377 289.524 275.867 277.346 289.249 298.269 307.399 313.315 323.937 337.642 352.379 359.333 361.302 366.12 368.379 367.706 374.138 383.118 387.88 397.036 410.265 423.944 432.955 456.614 486.6 501.86 514.809 533.45 538.121 530.737 516.543 492.731 476.628 468.029 465.145 469.088 469.469 475.231 483.805 487.916 483.077 474.001 455.096 436.616 426.857 447.19 462.235 468.921 479.294 490.705 505.134 521.749 543.942 558.556 568.643 566.241 532.343
309.342 307.832 300.057 294.313 295.274 296.713 304.353 302.173 299.145 288.388 268.133 255.469 268.681 285.388 294.725 300.635 307.038 317.222 331.28 344.823 347.171 350.283 353.044 356.985 367.547 365.11 360.987 362.415 367.287 378.375 390.23 409.029 436.83 470.11 486.289 506.345 526.377 541.673 527.67 494.304 469.608 460.129 456.059 449.296 446.905 440.798 446.484 455.796 453.005 448.411 442.1 430.342 420.4 418.777 433.455 448.515 451.505 458.19 466.095 481.278 509.053 530.644 548.726 556.609 551.676 509.287
299.444 298.578 293.622 284.03 273.384 272.438 285.623 287.031 287.872 273.607 252.975 248.326 260.795 272.832 281.399 290.205 300.933 311.757 323.842 332.558 339.206 348.232 349.407 347.955 357.226 350.953 347.394 353.02 356.099 362.704 377.167 387.77 414.686 443.13 470.591 493.571 516.498 515.535 490.388 471.778 462.165 451.998 444.224 438.947 430.102 414.267 415.752 432.607 424.46 415.979 409.789 404.507 400.796 400.981 415.722 426.39 425.009 431.738 445.926 467.503 491.236 515.715 537.721 544.142 531.257 492.032
297.065 291.476 287.743 283.349 268.589 256.157 259.662 266.924 277.86 260.405 243.194 235.585 245.674 259.403 279.27 290.351 300.951 309.73 317.68 324.843 332.974 340.431 341.995 338.055 345.584 342.328 339.317 347.937 358.141 362.976 371.182 383.466 398.705 422.62 451.338 481.505 500.288 489.548 472.254 460.582 450.234 441.897 433.522 422.989 415.028 394.003 391.872 403.927 410.807 405.862 393.131 384.952 384.392 386.365 400.519 404.786 403.516 412.303 434.942 457.065 474.27 499.406 512.199 517.006 507.912 479.109
