Peta/tes_6.asc
ncols         300
nrows         300
xllcorner     119.6769289154
yllcorner     -5.5038513964
cellsize      0.00083333333333334
nodata_value  -9999
[rows 87 to 115 of 300, columns 198 to 263 of 300]
1333.592 1315.21 1306.098 1300.522 1282.856 1282.084 1285.202 1269.038 1259.306 1262.325 1271.084 1269.5 1253.545 1243.764 1242.422 1243.874 1232.884 1232.86 1252.921 1273.451 1302.56 1325.826 1341.173 1328.796 1330.679 1357.978 1395.106 1399.364 1396.549 1410.493 1413.192 1404.335 1391.408 1405.773 1415.819 1424.896 1444.655 1464.417 1484.191 1497.813 1504.8 1498.17 1491.843 1490.8 1493.324 1505.198 1519.076 1528.684 1533.663 1532.172 1532.949 1531.879 1537.763 1550.277 1566.751 1585.538 1601.909 1626.815 1650.74 1666.653 1661.123 1652.109 1680.258 1703.89 1728.322 1755.655
1336.144 1320.262 1303.259 1282.648 1265.755 1270.326 1280.186 1274.102 1270.661 1275.807 1276.75 1274.697 1268.808 1262.383 1262.313 1263.562 1258.606 1254.482 1259.944 1275.701 1305.845 1346.416 1376.278 1372.091 1372.034 1384.866 1407.762 1413.041 1418.601 1437.862 1438.486 1419.262 1421.117 1448.173 1463.405 1464.414 1483.578 1508.618 1521.5 1517.252 1506.918 1487.5 1475.79 1474.52 1482.992 1495.086 1507.796 1515.25 1516.076 1521.979 1533.63 1547.493 1561.285 1573.884 1591.032 1598.113 1614.56 1639.01 1669.731 1688.881 1696.351 1699.158 1710.033 1715.878 1726.753 1738.427
1327.607 1311.516 1282.997 1257.225 1246.364 1253.878 1264.163 1259.233 1256.447 1254.24 1258.151 1272.27 1284.901 1282.758 1286.616 1294.869 1288.476 1278.44 1274.025 1285.955 1316.574 1375.152 1402.565 1413.409 1415.259 1411.926 1422.074 1429.868 1433.737 1447.271 1457.233 1444.64 1460.659 1478.968 1486.767 1492.553 1518.356 1526.994 1524.023 1521.027 1505.779 1478.566 1467.74 1470.482 1476.057 1484.748 1494.748 1503.943 1514.766 1530.597 1542.87 1553.061 1575.582 1598.112 1617.267 1616.921 1620.244 1633.43 1660.068 1680.663 1697.348 1714.424 1733.003 1743.386 1753.26 1762.565
1319.462 1306.365 1275.052 1240.535 1228.884 1237.429 1248.213 1241.51 1241.361 1238.901 1250.855 1268.469 1292.685 1314.442 1336.098 1340.952 1327.411 1303.626 1295.953 1310.231 1347.839 1395.275 1414.092 1428.453 1438.55 1443.443 1446.105 1447.793 1446.251 1456.652 1468.611 1471.293 1482.013 1475.179 1466.101 1486.177 1517.79 1512.398 1502.269 1504.961 1491.294 1474.8 1464.038 1466.319 1476.897 1488.969 1494.18 1507.782 1521.417 1536.782 1556.116 1579.495 1600.776 1620.315 1629.219 1634.404 1636.188 1644.196 1660.515 1683.255 1702.145 1714.717 1731.389 1755.979 1782.101 1801.294
1306.266 1290.375 1255.044 1224.764 1212.088 1225.957 1234.016 1228.631 1231.12 1239.114 1256.799 1281.236 1310.8 1333.347 1365.795 1380.328 1363.629 1336.007 1330.549 1347.719 1383.351 1415.448 1431.987 1440.365 1448.939 1464.646 1470.931 1465.202 1460.178 1457.793 1458.265 1457.026 1462.281 1452.655 1458.091 1485.636 1515.655 1503.454 1484.358 1475.241 1464.591 1455.409 1456.107 1467.597 1485.053 1499.25 1502.326 1513.584 1527.222 1541.271 1560.201 1583.48 1602.4 1611.697 1610.009 1613.961 1628.248 1648.961 1673.634 1701.674 1719.23 1728.816 1744.307 1769.57 1796.892 1819.989
1287.676 1269.187 1236.581 1212.011 1206.154 1221.342 1220.133 1215.037 1223.476 1242.211 1266.254 1289.486 1322.011 1349.336 1383.509 1409.545 1398.749 1368.891 1367.254 1384.575 1400.648 1419.153 1441.26 1452.717 1459.785 1469.001 1466.652 1466.396 1461.155 1441.197 1432.634 1431.456 1441 1436.26 1448.482 1480.843 1501.406 1489.19 1468.762 1452.905 1438.352 1437.365 1452.175 1474.608 1496.075 1511.095 1513.914 1518.031 1527.613 1536.102 1548.272 1562.661 1577.719 1588.675 1590.597 1606.36 1622.919 1647.462 1679.491 1699.654 1709.656 1725.766 1743.445 1769.916 1799.237 1824.244
1271.932 1248.193 1225.68 1204.124 1202.583 1213.629 1206.651 1212.951 1226.393 1242.646 1266.191 1293.968 1332.009 1359.309 1393.459 1422.141 1427.208 1413.111 1410.703 1413.883 1416.593 1427.857 1446.026 1452.741 1450.615 1445.878 1439.263 1443.068 1442.967 1423.952 1420.772 1418.996 1420.279 1416.706 1442.531 1479.019 1482.002 1470.154 1457.09 1440.186 1427.624 1434.051 1459.529 1480.984 1500.359 1508.196 1519.298 1532.078 1541.776 1550.157 1562.789 1564.59 1571.75 1581.564 1595.933 1621.703 1627.151 1643.338 1663.622 1672.26 1683.019 1698.366 1712.982 1739.696 1765.063 1794.54
1250.289 1225.083 1212.292 1201.333 1195.634 1205.067 1201.594 1210.95 1220.201 1240.96 1273.007 1298.563 1335.856 1370.252 1400.849 1416.501 1430.515 1441.611 1445.84 1436.877 1439.596 1447.224 1451.126 1430.609 1419.703 1418.944 1408.487 1408.473 1420.755 1406.001 1410.878 1407.12 1401.946 1399.004 1436.083 1488.619 1489.501 1461.974 1439.585 1434.172 1424.193 1433.796 1452.889 1470.989 1481.359 1495.968 1522.761 1542.475 1557.765 1568.553 1579.643 1588.151 1597.635 1608.106 1625.13 1646.478 1647.989 1645.256 1657.893 1676.475 1694.788 1706.695 1714.977 1724.898 1737.019 1760.847
1236.003 1205.153 1197.047 1186.935 1179.879 1192.397 1195.991 1206.603 1218.155 1249.436 1288.485 1312.676 1340.32 1367.122 1384.529 1399.302 1411.358 1429.971 1446.561 1449.552 1454.352 1460.266 1439.303 1414.908 1400.339 1390.514 1384.413 1397.152 1400.741 1394.792 1400.756 1391.117 1380.69 1386.707 1424.167 1472.294 1473.226 1445.185 1421.58 1417.519 1422.061 1438.65 1454.096 1469.322 1488.976 1515.643 1538.504 1547.436 1554.137 1563.534 1577.682 1591.29 1606.583 1621.524 1642.078 1664.155 1677.105 1680.714 1694.918 1709.06 1726.936 1741.544 1743.861 1744.49 1751.673 1766.187
1232.953 1206.813 1188.137 1171.151 1174.137 1188.542 1202.276 1208.705 1220.991 1256.39 1287.425 1307.057 1338.634 1367.996 1382.377 1393.639 1413.346 1435.178 1451.538 1466.358 1472.972 1464.638 1434.337 1415.787 1395.192 1375.87 1371.077 1383.008 1372.656 1378.114 1380.379 1376.864 1371.838 1387.577 1407.491 1421.769 1430.657 1413.553 1401.631 1412.569 1430.601 1455.142 1475.026 1491.231 1506.61 1519.46 1525.815 1527.323 1537.243 1554.413 1577.443 1587.938 1600.112 1614.356 1633.246 1654.376 1672.494 1689.644 1708.255 1724.723 1741.735 1753.601 1760.444 1772.854 1782.01 1801.621
1219.516 1200.167 1190.653 1166.135 1164.333 1183.25 1204.405 1212.839 1230.577 1257.085 1274.759 1288.711 1343.712 1378.205 1393.63 1400.962 1416.673 1436.301 1457.354 1470.601 1475.364 1454.464 1425.095 1406.819 1393.42 1372.776 1362.433 1365.744 1360.472 1363.011 1356.758 1362.314 1369.374 1382.362 1393.005 1399.508 1391.767 1392.044 1399.894 1422.355 1450.131 1469.347 1482.158 1482.845 1479.94 1480.948 1486.277 1499.388 1507.686 1529.761 1558.574 1567.604 1575.72 1596.747 1610.439 1621.194 1637.857 1661.465 1693.354 1706.389 1718.212 1728.064 1740.362 1754.158 1774.884 1797.666
1198.637 1184.795 1175.369 1160.751 1163.182 1179.048 1194.764 1211.131 1227.665 1253.113 1277.879 1292.417 1358.088 1388.902 1401.571 1409.111 1417.911 1429.322 1436.771 1438.464 1442.648 1432.161 1416.43 1392.844 1383.775 1373.424 1355.92 1343.274 1347.901 1348.185 1354.694 1372.365 1373.9 1372.244 1373.588 1377.909 1387.984 1406.813 1417.065 1430.049 1444.808 1455.24 1449.426 1443.874 1447.433 1462.267 1477.816 1501.731 1522.33 1532.845 1544.292 1558.44 1572.988 1587.503 1596.994 1610.259 1616.887 1636.732 1669.388 1685.607 1701.773 1720.207 1734.571 1754.352 1772.439 1788.377
1194.086 1178.115 1159.446 1142.693 1148.832 1172.171 1202.261 1220.117 1233.064 1259.732 1280.441 1301.015 1342.509 1379.484 1402.711 1411.201 1415.026 1417.718 1408.519 1410.282 1416.653 1412.002 1395.621 1382.899 1374.563 1360.136 1342.711 1323.526 1327.046 1338.095 1353.705 1360.034 1362.867 1377.384 1386.822 1396.105 1401.591 1405.373 1406.741 1412.02 1418.39 1419.641 1424.387 1441.831 1463.596 1486.057 1508.59 1527.034 1543.198 1556.511 1569.86 1586.542 1592.835 1603.385 1620.586 1633.037 1644.653 1661.289 1679.262 1698.478 1716.655 1738.522 1755.981 1778.322 1799.812 1821.089
1199.184 1184.294 1153.807 1127.058 1131.978 1162.445 1194.736 1216.138 1227.204 1247.331 1269.562 1283.683 1313.43 1347.381 1385.551 1401.479 1402.343 1397.168 1387.885 1388.184 1403.649 1401.033 1375.946 1369.538 1364.643 1345.847 1329.57 1313.95 1311.221 1334.795 1345.848 1352.59 1370.433 1387.402 1387.091 1386.134 1382.597 1389.01 1395.459 1392.069 1393.668 1407.772 1432.023 1458.657 1476.361 1489.136 1501.358 1515.131 1535.667 1553.216 1569.731 1577.685 1581.722 1599.07 1620.174 1639.691 1657.284 1673.714 1685.689 1706.359 1724.352 1739.285 1757.329 1784.245 1812.684 1842.199
1190.047 1178.248 1147.54 1122.088 1121.094 1153.227 1190.313 1202.111 1212.2 1235.032 1251.61 1254.51 1284.615 1319.756 1357.881 1373.316 1371.435 1377.489 1378.216 1371.427 1379.927 1384.572 1361.781 1350.404 1340.962 1326.946 1316.957 1304.709 1304.813 1323.382 1340.081 1362.631 1378.855 1377.879 1361.576 1355.62 1362.674 1376.723 1377.606 1377.529 1388.078 1413.163 1438.219 1456.117 1469.253 1482.637 1496.764 1511.424 1531.779 1542.078 1554.493 1561.686 1575.266 1598.159 1621.857 1642.505 1661.293 1679.189 1692.141 1711.659 1728.936 1746.732 1770.454 1796.983 1826.221 1848.355
1177.104 1168.139 1127.884 1116.087 1125.557 1149.48 1182.309 1201.27 1212.702 1225.873 1232.187 1236.464 1254.161 1288.896 1320.486 1343.557 1342.307 1351.279 1364.184 1353.872 1350.071 1344.104 1329.509 1335.732 1337.211 1314.053 1295.991 1290.968 1300.738 1326.308 1351.784 1363.653 1367.654 1362.074 1345.706 1334.943 1348.437 1363.434 1364.086 1378.686 1397.691 1421.137 1435.167 1441.802 1451.027 1467.256 1484.057 1499.022 1517.003 1536.274 1551.828 1558.907 1575.45 1602.511 1629.163 1650.703 1667.718 1683.461 1700.126 1716.492 1735.179 1753.926 1776.847 1801.76 1823.729 1841.799
1166.525 1153.801 1119.351 1111.312 1122.855 1137.365 1164.572 1190.936 1201.874 1207.161 1215.869 1233.938 1246.828 1266.951 1289.71 1292.302 1299.005 1315.042 1329.713 1320.931 1308.518 1289.361 1287.942 1300.495 1309.746 1291.911 1273.288 1289.05 1313.227 1331.913 1347.176 1344.639 1345.36 1341.648 1331.491 1329.054 1340.113 1344.365 1358.379 1379.201 1397.338 1404.843 1408.844 1417.557 1439.842 1457.022 1476.477 1500.24 1518.043 1532.682 1535.596 1549.36 1573.774 1601.031 1622.726 1645.255 1668.792 1683.275 1694.199 1711.02 1731.508 1748.935 1765.646 1784.324 1807.3 1833.417
1156.029 1140.748 1112.047 1109.338 1112.586 1119.11 1149.115 1172.074 1185.094 1191.047 1201.529 1220.602 1230.435 1244.826 1259.913 1271.552 1262.659 1284.491 1304.952 1292.552 1261.462 1244.722 1244.676 1261.693 1271.969 1253.527 1256.785 1284.339 1310.911 1324.924 1331.133 1325.816 1327.564 1318.6 1322.006 1331.15 1332.194 1340.96 1360.215 1378.437 1380.967 1382.79 1396.271 1412.967 1436.173 1454.017 1469.573 1484.627 1496.864 1507.643 1523.551 1550.959 1573.17 1595.821 1616.758 1632.487 1646.808 1658.058 1678.63 1699.857 1720.93 1742.351 1764.256 1784.727 1811.598 1835.82
1156.169 1147.161 1113.243 1096.55 1098.563 1124.053 1141.171 1149.101 1156.209 1171.694 1173.357 1194.068 1212.818 1229.524 1243.611 1245.679 1244.546 1266.13 1270.794 1264.01 1236.723 1217.465 1219.323 1239.251 1250.754 1259.709 1277.679 1297.421 1310.486 1311.34 1309.814 1315.766 1314.231 1310.398 1310.356 1312.203 1322.793 1338.682 1353.592 1357.284 1363.509 1378.872 1393.401 1412.923 1432.484 1441.811 1453.172 1472.781 1491.352 1511.904 1530.19 1556.163 1579.391 1594.963 1598.907 1605.073 1621.229 1648.42 1676.869 1704.104 1726.237 1750.498 1773.056 1794.042 1811.641 1829.631
1151.592 1129.153 1096.337 1084.581 1093.752 1114.468 1124.97 1128.654 1136.693 1155.092 1169.185 1191.887 1211.188 1232.327 1243.933 1223.393 1221.17 1230.081 1234.228 1226.404 1204.273 1205.364 1236.257 1267.255 1283.509 1296.793 1308.656 1313.143 1308.096 1298.328 1297.122 1293.073 1293.785 1294.809 1306.354 1320.209 1324.406 1331.571 1342.476 1350.563 1358.073 1359.125 1361.315 1366.103 1405.994 1436.896 1459.336 1476.934 1505.002 1523.012 1538.432 1562.497 1573.665 1570.905 1572.613 1593.241 1624.199 1653.869 1676.897 1701.909 1719.292 1742.819 1765.544 1785.622 1803.885 1824.5
1147.055 1120.231 1088.504 1084.352 1093.634 1105.127 1111.975 1115.053 1125.263 1146.232 1158.255 1180.674 1200.442 1225.38 1233.048 1203.256 1195.017 1197.78 1194.886 1187.581 1192.559 1229.042 1272.295 1294.556 1297.103 1293.055 1292.881 1293.379 1284.364 1287.707 1281.056 1258.35 1274.61 1303.302 1318.263 1314.3 1315.424 1330.257 1341.842 1336.164 1329.476 1345.387 1373.404 1382.322 1406.267 1422.338 1438.839 1459.757 1480.797 1497.505 1515.504 1533.219 1536.36 1543.742 1572.915 1608.299 1632.937 1647.963 1661.419 1679.554 1703.991 1730.756 1753.608 1781.397 1813.162 1844
1137.876 1124.512 1093.284 1077.696 1083.277 1092.051 1098.305 1110.647 1129.089 1145.937 1154.836 1177.481 1199.062 1215.488 1216.458 1181.765 1164.455 1167.301 1176.432 1196.746 1223.582 1261.166 1285.519 1281.98 1274.59 1276.744 1276.041 1267.242 1266.84 1262.756 1240.522 1230.54 1260.322 1295.757 1299.755 1302.029 1309.444 1322.088 1309.361 1317.104 1338.076 1374.581 1403.938 1397.024 1396.544 1410.163 1428.426 1447 1466.628 1482.218 1496.35 1505.053 1510.533 1524.71 1551.497 1583.309 1613.957 1624.589 1644.875 1676.346 1704.642 1728.36 1746.508 1800.526 1840.43 1874.272
1139.062 1130.018 1098.229 1076.44 1076.573 1083.269 1098.868 1119.102 1141.405 1161.958 1178.118 1191.042 1201.486 1216.923 1208.859 1163.188 1152.413 1182.604 1216.457 1248.906 1269.086 1283.476 1283.498 1268.883 1261.372 1264.478 1252.801 1246.032 1244.466 1226.282 1219.589 1229.783 1254.995 1264.956 1275.298 1283.01 1278.418 1287.128 1305.886 1340.437 1368.653 1392.612 1417.865 1420.055 1422.172 1440.836 1458.199 1468.333 1485.823 1504.615 1514.274 1525.142 1526.866 1535.225 1543.289 1559.696 1586.488 1620.833 1642.743 1669.699 1722.656 1770.738 1811.284 1848.127 1880.938 1911.63
1142.759 1123.067 1093.667 1075.688 1072.977 1086.225 1100.742 1125.747 1149.427 1181.863 1196.74 1202.991 1208.537 1207.388 1186.119 1164.326 1167.987 1208.175 1260.341 1279.535 1284.948 1278.056 1267.057 1251.565 1253.613 1252.154 1235.589 1234.305 1224.74 1212.79 1221.019 1234.717 1241.787 1253.079 1267.517 1276.755 1293.72 1314.271 1340.671 1358.322 1375.652 1400.639 1418.814 1429.079 1446.419 1457.029 1468.584 1481.955 1503.413 1519.864 1532.403 1547.461 1559.326 1567.147 1567.915 1566.893 1568.969 1594.664 1610.344 1683.704 1757.901 1819.15 1863.907 1896.065 1921.202 1946.138
1139.321 1124.133 1093.657 1074.01 1072.212 1087.564 1102.914 1130.573 1170.877 1205.527 1223.113 1211.947 1184.647 1161.421 1142.054 1142.156 1176.041 1222.985 1263.567 1270.38 1260.854 1254.43 1243.55 1241.823 1242.36 1233.78 1211.962 1204.855 1206.239 1222.339 1251.584 1262.927 1267.199 1281.133 1299.163 1318.808 1331.883 1343.91 1360.523 1377.957 1390.208 1411.309 1431.703 1437.375 1448.833 1456.627 1474.234 1487.033 1508.16 1518.907 1529.141 1541.945 1559.364 1575.388 1591.691 1590.016 1579.345 1589.087 1614.607 1704.482 1795.637 1865.867 1908.297 1933.107 1950.344 1968.316
1124.888 1107.835 1086.382 1065.119 1067.942 1086.604 1100.181 1124.488 1160.588 1198.832 1222.661 1195.739 1144.125 1119.652 1120.641 1146.316 1188.99 1231.774 1256.147 1257.263 1237.93 1228.952 1227.398 1217.872 1214.573 1212.303 1192.35 1198.032 1222.227 1250.018 1272.12 1285.947 1301.448 1313.323 1313.454 1316.098 1322.318 1328.562 1342.012 1355.605 1377.244 1398.683 1428.332 1445.69 1456.751 1467.118 1480.94 1492.928 1504.814 1517.845 1522.536 1531.349 1550.142 1568.673 1587.907 1605.772 1608.57 1614.03 1637.698 1725.393 1822.719 1894.883 1931.492 1949.035 1959.82 1972.556
1106.995 1090.495 1067.519 1050.24 1067.322 1083 1095.185 1114.187 1143.577 1175.581 1186.911 1159.52 1118.125 1111.46 1122.955 1159.371 1208.287 1237.816 1242.23 1244.315 1227.567 1224.782 1212.787 1186.161 1188.864 1184.019 1183.746 1207.164 1232.319 1257.96 1278.246 1293.474 1310.401 1321.399 1307.2 1299.385 1297.999 1304.793 1318.995 1333.791 1341.495 1369.735 1398.736 1422.254 1437.316 1450.483 1467.893 1477.806 1489.059 1498.1 1507.462 1529.815 1549.781 1562.919 1578.945 1599.098 1616.719 1635.243 1656.802 1727.899 1816.399 1884.719 1919.893 1936.315 1946.271 1955.095
1088.169 1081.21 1060.98 1043.055 1058.729 1073.669 1090.158 1107.623 1131.765 1156.308 1146.068 1119.289 1100.448 1108.349 1120.028 1164.874 1223.518 1229.395 1221.359 1225.797 1220.554 1209.012 1177.594 1154.191 1162.091 1186.233 1213.016 1230.956 1243.898 1254.735 1270.765 1286.724 1299.837 1305.957 1288.178 1281.525 1289.816 1307.004 1320.535 1332.902 1341.198 1359.067 1379.134 1403.526 1421.868 1435.779 1450.538 1465.756 1478.458 1488.771 1505.519 1524.11 1541.12 1560.856 1583.996 1604.097 1619.41 1631.243 1643.546 1705.582 1778.481 1839.349 1878.035 1899.452 1911.229 1918.633
1065.534 1071.798 1051.017 1028.712 1052.183 1079.051 1093.625 1106.778 1121.895 1133.453 1120.96 1096.569 1098.766 1114.307 1123.966 1162.85 1206.053 1207.815 1203.751 1209.097 1201.237 1177.214 1153.911 1155.478 1194.439 1225.35 1250.219 1260.55 1267.477 1274.455 1279.826 1284.546 1285.845 1281.675 1271.374 1285.609 1303.384 1319.018 1333.869 1348.923 1360.571 1373.806 1386.453 1405.952 1427.391 1438.002 1457.341 1474.455 1487.719 1491.595 1491.23 1498.792 1512.849 1544.802 1568.67 1583.898 1591.01 1603.623 1635.811 1679.726 1733.125 1784.619 1823.143 1847.799 1861.78 1868.004
