Peta/tes_2.asc
ncols         300
nrows         300
xllcorner     119.6769289154
yllcorner     -5.2538513964
cellsize      0.00083333333333334
nodata_value  -9999
[rows 270 to 299 of 300, columns 66 to 131 of 300]
255.428 260.293 269.753 276.655 289.01 307.235 324.335 343.425 367.549 394.702 422.63 440.326 448.958 460.563 480.243 504.472 528.839 554.612 580.001 604.446 619.938 626.298 638.893 653.119 653.132 650.208 644.594 637.535 637.917 629.753 618.247 601.014 575.478 556.692 559.055 552.984 540.211 523.322 504.992 488.529 490.386 517.107 546.702 563.05 607.799 661.526 687.772 713.865 733.451 755.119 747.451 714.603 672.714 634.897 600.39 579.077 579.772 602.91 634.962 686.696 738.64 758.39 769.689 783.249 788.175 763.877
269.611 274.853 284.699 299.377 312.048 331.375 352.176 364.971 381.585 409.67 438.317 464.717 481.359 491.6 501.147 517.073 541.468 567.386 599.085 620.89 638.208 648.988 657.681 654.481 644.117 634.275 625.003 615.762 616.487 611.345 593.617 571.557 551.475 535.415 536.847 530.694 520.011 506.23 485.545 469.9 490.045 529.14 551.198 585.703 628.556 675.591 700.035 721.835 731.835 735.247 707.761 677.351 638.649 603.585 575.528 566.449 589.185 612.699 640.507 696.605 742.01 763.474 775.467 781.813 765.024 732.987
272.993 289.366 310.622 331.492 345.49 364.709 384.334 403.185 416.002 433.105 460.151 491.914 508.083 512.761 524.499 543.637 567.894 587.42 610.486 631.577 647.298 653.297 651.819 646.146 641.357 630.646 613.535 600.89 600.922 595.115 558.072 528.179 515.088 505.589 509.444 505.322 495.314 484.373 464.404 461.885 491.735 529.82 560.787 599.503 642.904 687.534 711.84 723.648 719.432 704.638 665.258 636.296 611.622 581.71 556.265 560.399 596.597 626.239 668.239 721.901 752.06 769.118 778.428 767.208 735.418 698.201
287.4 303.701 324.767 349.187 367.258 386.388 407.37 431.459 453.967 469.752 489.239 516.969 541.247 543.066 551.076 571.062 589.751 608.067 620.445 634.122 639.853 637.615 630.431 617.311 625.854 623.825 607.191 592.932 588.598 575.692 534.941 500.634 478.748 469.426 473.217 472.713 470.705 456.176 444.016 462.992 503.829 539.357 571.226 608.748 657.201 694.826 715.008 718.199 702.86 677.473 634.475 608.603 586.884 563.065 544.498 559.797 587.017 631.527 685.783 733.057 762.476 775.924 771.504 748.56 711.506 669.475
307.631 321.508 340.777 364.224 385.392 408.957 427.986 454.928 477.836 496.171 510.191 543.401 569.564 583.884 586.056 598.662 608.193 614.714 623.418 625.181 620.72 613.286 604.911 602.899 612.57 613.751 603.922 595.835 577.229 546.341 517.176 489.027 452.944 428.007 430.336 440.177 441.157 433.246 448.93 489.168 528.4 554.889 587.917 620.28 663.565 692.056 706.354 690.286 664.961 639.562 611.935 589.286 561.918 541.109 531.092 552.606 581.683 633.728 687.914 735.94 757.678 767.268 756.186 733.609 694.998 649.543
329.362 347.203 363.372 379.761 401.676 422.541 450.665 474.034 492.655 514.486 544.013 573.499 594.498 614.655 617.531 625.599 623.916 622.403 618.807 605.529 594.554 585.21 575.223 580.679 592.324 603.854 604.718 597.603 567.215 527.253 499.714 470.064 440.804 412.52 412.49 413.144 418.486 434.153 474.398 510.116 540.19 571.053 607.857 645.654 676.512 696.366 683.924 653.466 620.964 598.562 582.311 565.615 535.969 516.842 532.047 560.425 584.998 636.384 693.031 734.25 748.295 755.934 735.646 696.84 662.126 623.681
350.47 373.989 390.263 397.52 412.109 438.132 462.074 484.337 503.28 529.264 570.48 602.638 618.584 632.711 633.164 630.611 630.542 625.133 613.095 591.275 570.726 545.895 541.917 543.839 555.731 569.952 579.927 578.94 560.585 523.85 487.595 445.598 419.618 397.921 396.424 405.82 423.501 452.398 491.16 522.616 541.62 577.178 627.341 670.417 691.365 689.128 658.016 624.421 595.515 573.114 554.833 536.819 518.331 521.237 548.841 577.508 598.655 640.701 691.305 729.468 739.094 734.752 708.361 661.142 629.099 599.918
374.422 395.188 413.163 418.566 430.277 445.245 472.204 501.339 530.307 556.359 585.339 610.435 623.675 627.921 621.92 621.546 626.052 623.349 610.995 596.154 561.298 526.514 508.068 506.139 517.65 533.857 545.786 549.329 544.494 516.227 479.604 440.388 409.014 388.761 394.444 416.847 439.681 476.182 513.69 540.025 556.064 590.861 636.7 665.264 678.95 672.007 636.745 603.512 573.964 550.147 532.438 509.581 511.942 537.8 570.112 598.602 624.544 657.479 700.186 728.893 722.592 702.874 673.109 638.598 605.498 579.062
394.516 412.781 430.895 436.108 445.242 460.764 485.24 507.038 544.217 569.317 585.107 600.645 606.201 606.818 600.508 601.826 613.853 616.238 611.069 597.19 565.893 528.057 497.29 479.724 481.829 500.358 523.375 529.73 522.563 499.32 467.942 432.473 398.988 382.909 389.408 416.867 450.124 493.423 532.3 552.967 569.922 608.186 643.7 659.35 665.18 649.061 618.638 589.881 554.676 525.741 498.103 485.961 506.331 545.557 579.718 610.773 648.802 686.935 712.554 712.865 692.924 675.768 642.92 612.279 582.718 565.442
416.783 422.048 437.795 451.529 454.615 465.579 484.146 497.293 518.832 542.813 561.733 571.628 582.903 580.031 572.688 571.259 582.653 590.52 595.91 581.579 552 517.748 487.679 458.181 456.567 470.997 489.557 503.573 496.694 482.962 457.795 428.43 397.146 379.869 378.497 398.552 439.721 488.081 529.578 556.886 583.062 625.116 654.142 663.854 657.528 627.743 592.304 562.999 529.11 499.859 474.903 484.908 515.903 550.12 585.084 615.619 666.746 697.891 696.724 681.419 662.267 641.226 609.258 578.324 553.725 561.23
426.109 421.675 428.783 439.655 442.717 449.856 459.294 467.222 474.538 488.933 506.032 522.779 534.94 536.794 520.678 522.909 536.25 553.028 554.722 547.629 533.026 504.073 473.639 440.861 430.404 440.732 458.979 471.032 467.068 458.395 443.361 418.51 390.321 373.624 371.683 381.305 413.509 461.174 500.929 535.079 578.323 632.587 663.534 661.318 634.09 598.39 571.206 538.476 507.443 479.741 468.015 492.026 525.537 555.864 590.753 623.637 654.026 659.102 651.761 640.857 618.707 594.494 566.681 545.597 547.527 580.658
410.452 397.139 394.627 404.492 416.456 427.353 428.836 426.578 428.215 436.326 459.451 481.928 490.513 493.536 474.332 476.873 495.358 514.381 512.127 513.482 513.456 495.065 460.559 428.729 410.751 418.528 439.136 441.38 433.418 424.771 419.118 403.335 379.989 366.423 381.563 393.612 418.778 464.925 501.808 525.414 568.165 616.653 633.977 619.801 594.034 567.902 548.832 515.237 482.159 455.184 467.052 497.641 531.636 565.265 601.911 627.834 626.386 619.603 610.847 596.342 571.702 547.684 530.85 541.488 572.447 605.479
378.865 366.7 361.547 371.411 394.271 399.659 395.751 395.32 402.028 413.204 431.712 455.705 468.674 457.651 439.946 441.761 463.615 481.758 485.021 483.737 488.951 481.554 454.321 414.56 388.672 395.814 422.153 418.305 407.134 400.498 395.385 379.068 360.349 365.716 386.043 404.759 428.947 468.14 508.566 530.021 562.667 592.854 594.375 573.544 552.389 534.542 520.532 492.412 460.087 447.893 471.628 496.626 528.839 564.516 602.483 613.874 602.632 583.579 564.117 538.82 526.621 518.879 527.937 559.016 594.578 626.737
350.474 342.988 337.837 352.812 370.686 374.044 370.195 373.68 387.107 398.999 412.845 428.18 439.344 429.021 411.859 416.004 434.996 454.73 459.464 460.337 457.158 450.484 431.186 395.518 374.869 388.282 397.979 392.938 381.111 371.498 366.371 358.811 357.728 371.574 395.481 419.662 443.223 472.113 509.282 537.259 559.432 566.604 552.796 533.177 515.832 502.952 495.204 471.944 443.909 447.095 472.153 488.533 507.467 533.727 560.55 577.097 568.428 543.962 515.356 498.614 497.497 518.884 544.857 579.116 612.402 645.75
320.949 320.433 321.202 337.83 347.476 350.134 347.891 353.625 363.805 376.266 397.616 405.916 404.181 391.763 382.852 389.575 409.86 425.682 425.493 422.338 408.188 403.46 396.675 372.578 356.628 369.491 369.415 357.799 341.773 339.356 341.519 351.53 369.18 387.23 407.759 429.419 455.349 484.986 514.04 535.509 546.136 539.164 517.174 501.916 482.96 469.519 469.437 453.938 431.663 437.895 453.831 465.679 477.981 494.192 516.895 534.083 531.507 510.282 485.396 489.159 509.487 538.548 565.689 594.018 623.99 654.334
299.149 304.395 306.51 312.896 321.937 327.866 325.665 330.526 344.926 362.993 375.289 380.07 376.828 367.287 361.937 369.706 386.744 397.019 392.68 376.48 373.487 372.447 366.092 355.726 341.565 334.946 334.266 329.689 324.725 336.824 350.373 366.032 384.226 412.231 430.344 443.585 466.427 491.155 509.728 514.686 512.863 506.855 482.587 465.438 456.308 446.884 450.268 438.212 420.661 427.512 438.943 447.454 451.365 460.263 480.512 494.587 487.473 476.522 480.654 504.038 530.341 551.981 580.417 601.719 629.761 661.614
287.819 286.298 281.48 289.904 301.737 302.931 300.755 310.696 327.206 342.745 353 353.786 351.732 345.295 346.147 357.357 365.417 369.757 363.228 346.19 345.337 347.69 339.432 334.597 323.541 313.921 315.487 326.472 339.658 364.966 380.463 391.767 406.44 429.061 448.321 460.844 477.507 495.859 495.055 485.133 476.675 471.24 451.906 432.132 423.376 422.37 425.134 419.984 429.83 444.807 439.82 436.143 438.552 447.975 457.857 464.739 461.875 471.721 500.846 528.816 550.393 575.228 611.188 630.693 645.753 670.029
266.235 263.122 260.335 267.028 276.638 275.913 277.359 286.28 303.996 320.626 327.236 327.533 329.356 327.955 334.146 340.061 340.153 341.871 335.698 325.333 320.986 316.9 310.67 309.632 307.914 308.289 324.017 348.201 377.037 394.44 404.999 415.645 427.039 449.55 470.465 483.866 490.438 484.242 465.403 452.721 444.426 440.528 424.778 406.72 403.452 412.585 425.947 445.52 469.175 481.731 474.059 457.714 458.684 461.372 456.963 461.684 476.951 497.05 524.657 551.644 575.591 606.086 638.724 663.654 675.862 696.175
241.333 243.818 243.235 249.436 252.212 250.25 254.121 259.211 270.665 285.993 301.853 312.127 311.973 314.794 322.264 318.915 315.674 319.06 313.214 303.536 295.743 290.083 292.339 295.502 305.31 320.232 344.839 377.488 406.092 426.846 436.619 445.976 454.302 469.847 493.246 499.022 475.398 451.237 428.657 416.653 405.477 407.386 402.178 400.724 414.615 439.97 461.515 480.864 494.491 505.41 511.946 507.01 499.629 499.604 502.833 505.509 519.129 531.505 546.273 572.585 598.504 629.768 660.773 681.501 703.541 730.884
232.042 232.25 237.012 243.578 249.917 255.465 257.48 256.779 253.446 263.453 283.513 294.662 293.629 301.381 305.234 301.39 294.812 295.478 293.878 287.857 292.351 300.261 310.723 320.311 333.133 352.963 376.749 402.862 431.119 453.542 467.612 477.342 484.85 494.654 502.125 487.459 451.772 420.33 394.251 380.446 379.941 388.975 393.995 412.881 442.091 471.322 495.794 512.133 526.781 546.715 558.388 547.111 541.393 534.154 544.359 556.921 561.521 568.171 580.232 598.353 617.719 645.05 673.661 702.765 732.507 762.697
247.825 245.323 252.573 258.515 266.477 268.693 271.574 276.171 263.038 257.346 271.749 280.368 283.582 287.419 286.66 286.41 283.638 282.765 284.819 298.725 319.402 336.15 348.011 354.208 364.012 384.361 411.621 435.415 454.516 474.809 491.196 506.105 508.774 507.145 497.958 464.31 423.691 394.582 374.788 380.308 401.965 407.856 415.008 441.923 466.219 493.937 527.777 555.663 570.513 584.305 591.619 586.257 580.103 571.706 578.076 584.199 586.607 590.389 607.578 622.919 637.878 659.912 690.452 721.76 755.958 782.5
267.932 267.332 265.567 269.908 282.557 285.182 289.167 293.135 278.862 255.19 259.776 264.501 270.482 269.784 267.734 267.584 279.646 292.159 307.777 328.509 347.516 361.716 373.333 386.902 398.062 414.983 448.741 472.863 487.273 504.24 515.726 514.884 506.858 496.645 475.459 433.733 398.227 374.454 367.937 389.313 419.877 432.206 436.946 457.545 485.173 519.139 560.48 586.515 601.844 611.212 615.625 616.278 613.419 607.231 612.697 612.84 611.826 616.751 630.105 645.915 661.517 686.002 717.9 749.611 777.028 799.27
289.572 285.913 278.543 278.919 298.269 308.985 307.704 308.706 298.376 277.489 266.765 274.252 284.46 281.655 273.759 268.328 276.436 288.458 318.414 351.519 369.429 384.036 398.335 418.989 435.095 449.032 478.836 502.768 516.083 524.749 526.796 509.943 491.728 472.154 450.54 405.314 374.637 356.996 369.23 405.173 434.67 452.023 459.782 476.995 504.711 539.925 586.984 621.317 638.318 650.541 653.143 652.836 653.043 660.14 663.988 654.296 646.268 651.082 670.986 688.337 700.705 714.08 742.435 770.503 793.397 809.797
320.156 312.439 303.977 293.286 310.658 326.598 324.835 326.258 321.311 310.367 301.643 302.815 304.074 295.267 290.065 287.599 283.464 293.711 322.134 347.801 367.961 381.104 401.019 423.493 443.784 458.618 495.994 519.63 528.711 524.883 510.696 485.641 462.888 448.658 422.524 385.319 364.271 369.327 389.726 419.312 448.095 468.461 489.904 508.865 527.227 557.113 609.218 644.854 672.272 692.673 700.85 699.451 701.232 705.756 707.879 706.727 700.602 702.435 724.758 743.231 753.731 754.889 765.884 790.142 805.404 814.386
349.11 342.764 331.15 312.451 321.638 336.901 339.793 347.953 347.432 341.941 333.502 328.911 316.032 305.184 301.997 304.249 292.802 296.125 309.045 325.654 353.432 366.688 378.42 396.585 414.468 438.591 470.34 488.594 494.929 489.43 474.763 449.545 428.891 417.21 391.112 361.217 361.517 383.508 404.921 429.187 457.185 493.729 527.071 551.528 567.441 592.727 623.544 657.434 682.676 707.549 726.899 733.601 737.189 736.287 739.308 740.575 734.972 735.811 748.53 762.422 778.498 788.717 792.606 800.368 804.365 806.23
372.836 368.311 348.552 326.728 334.426 350.624 361.518 372.238 383.948 367.865 350.165 333.672 319.096 315.834 322.003 321.4 314.556 297.848 294.484 297.569 333.528 345.947 353.34 367.926 380.828 401.516 427.604 449.398 453.731 449.656 434.145 413.209 398.207 381.859 362.399 348.555 366.562 393.399 412.208 436.413 458.184 500.737 549.143 593.467 615.761 633.983 659.102 676.684 692.91 711.144 728.569 736.622 749.032 757.193 756.739 759.918 761.43 762.186 767.84 777.26 789.923 797.491 793.771 793.669 795.23 794.421
383.13 384.68 368.32 343.3 345.171 363.609 386.056 405.253 416.428 392.527 368.376 341.721 330.673 336.035 342.054 343.394 325.673 302.669 293.46 292.779 310.527 320.969 333.533 349.111 351.971 367.829 392.623 412.807 419.984 420.542 407.533 389.308 372.38 356.466 344.243 348.997 381.224 406.134 423.846 447.906 480.27 522.19 572.875 624.545 651.219 667.316 684.239 697.037 708.893 718.228 728.811 741.838 754.928 768.127 767.748 766.105 771.278 777.097 776.218 778.32 784.418 785.497 781.765 782.966 781.723 777.778
385.656 399.769 395.099 371.544 363.089 377.271 409.302 433.627 436.875 419.094 387.415 357.336 349.984 357.089 359.942 354.655 332.185 314.282 305.52 294.964 296.23 302.201 310.653 319.539 325.875 339.971 363.217 386.606 391.603 385.615 377.996 362.538 351.735 345.893 345.951 366.351 392.657 415.025 437.21 467.899 501.221 541.639 585.819 626.507 651.495 672.626 693.115 705.439 716.544 725.228 735.888 751.818 765.263 779.127 775.658 766.125 766.727 768.736 765.294 767.192 765.895 757.929 760.897 759.56 750.272 743.474
389.383 408.894 412.295 397.45 389.691 399.888 425.159 451.946 457.158 435.955 399.014 385.058 379.772 382.665 378.99 356.571 342.417 338.075 324.658 306.505 301.405 301.965 297.293 301.298 305.027 316.448 332.265 341.146 343.274 351.696 349.805 336.859 349.334 361.034 371.351 385.508 400.947 417.972 442.648 482.571 520.093 559.734 593.225 623.499 648.731 664.222 684.265 699.963 713.814 728.995 742.561 758.641 769.897 777.274 769.876 760.057 753.915 745.73 741.664 740.297 736.637 727.983 728.45 714.131 697.419 696.304
394.556 414.46 422.573 414.295 411.563 420.098 437.863 453.996 465.296 446.136 420.516 414.437 412.406 418.244 399.729 378.081 369.574 360.417 340.656 335.735 333.916 328.578 321.764 316.975 313.437 305.936 312.644 311.34 317.721 328.101 328.571 341.231 369.041 390.261 405.191 414.302 419.86 436.574 469.985 505.103 536.407 565.39 618.067 647.884 661.874 671.821 682.147 697.542 715.483 728.548 742.353 756.814 767.055 766.751 759.477 751.427 736.239 714.105 700.63 696.635 697.511 697.711 692.406 671.506 652.239 652.34
