Peta/tes_2.asc
ncols         300
nrows         300
xllcorner     119.6769289154
yllcorner     -5.2538513964
cellsize      0.00083333333333334
nodata_value  -9999
[rows 0 to 29 of 300, columns 66 to 131 of 300]
513.616 520.066 514.748 509.34 510.677 508.647 502.349 500.131 498.493 498.764 508.787 519.9 519.48 512.906 508.259 502.409 494.632 493.24 494.596 491.028 487.684 481.025 479.633 476.494 462.751 448.38 436.822 435.809 444.602 460.414 486.175 502.994 529.003 532.307 522.156 510.654 502.852 491.867 492.614 493.488 486.387 475.619 459.259 438.387 422.154 407.869 396.488 388.274 387.787 388 388.299 386.44 386.814 386.701 386.118 384.471 383.109 383.077 383.638 386.714 387.588 387.335 378.809 376.977 377.199 377.959
503.454 504.524 493.65 488.032 488.722 486.186 485.135 483.217 482.8 488.182 494.495 503.399 503.122 500.213 502.396 502.407 495.337 488.672 486.498 483.725 486.401 478.487 475.815 467.016 452.715 438.203 426.578 420.779 425.92 436.624 459.028 486.008 501.08 499.267 496.171 495.976 485.94 480.874 479.765 480.289 479.737 464.19 456.571 439.866 424.253 409.995 400.238 394.839 390.007 389.2 391.068 387.219 387.158 385.123 386.04 385.453 382.603 383.529 382.548 382.76 384.307 381.992 377.101 376.936 378.651 379.1
488.235 484.711 472.207 466.991 471.712 472.823 469.742 465.191 465.207 474.665 483.291 489.762 491.515 488.915 493.373 496.143 492.142 484.93 480.671 476.666 478.958 473.341 466.101 453.362 443.428 427.119 414.623 406.002 413.15 432.138 447.972 453.323 465.619 470.216 476.056 479.731 479.674 482.139 472.665 462.858 454.152 444.396 448.766 433.571 419.393 411.007 404.929 402.028 398.852 398.638 396.291 389.437 390.524 390.286 390.1 388.173 383.464 383.104 383.86 382.471 382.122 377.952 377.199 378.158 378.982 379.936
473.372 468.39 459.071 453.512 455.319 455.805 453.652 445.722 451.648 463.593 472.933 480.232 479.923 475.168 480.381 489.127 484.386 479.747 473.323 468.15 468.795 464.16 456.509 450.02 441.55 420.121 404.928 402.968 413.499 425.666 425.774 434.561 450.717 458.49 462.491 465.41 466.637 482.269 475.578 459.286 439.817 432.165 428.743 421.038 411.052 406.801 408.411 405.643 405.814 403.978 400.671 390.632 397.246 398.629 398.19 393.753 387.455 385.132 384.362 383.43 383.045 378.414 378.796 380.551 380.263 380.837
456.419 453.76 443.885 434.965 437.802 444.282 440.332 437 445.087 449.469 460.805 468.468 462.129 459.696 464.002 471.852 467.612 470.043 465.997 461.639 461.316 455.712 447.599 446.044 439.215 423.182 408.082 413.765 413.832 416.487 412.286 417.164 432.708 444.185 446.781 448.156 448.732 464.169 472.544 466.292 449.025 431.807 419.733 410.796 404.256 401.394 400.303 397.286 398.262 399.149 393.767 392.593 399.441 401.516 398.992 392.174 388.313 384.997 386.094 385.376 382.996 380.367 380.077 379.923 380.692 380.977
445.443 434.975 425.427 416.211 420.328 430.331 431.18 431.121 431.963 440.087 453.814 458.162 450.573 449.85 457.029 460.674 454.532 459.752 462.501 453.822 448.838 442.468 432.709 430.081 426.765 418.817 402.81 398.303 400.564 396.477 396.126 403.933 410.463 419.715 422.175 427.178 431.726 447.464 460.268 466.581 457.148 449.26 439.144 422.051 407.313 402.689 395.926 393.892 395.185 394.082 390.481 395.749 400.279 399.272 394.708 389.585 386.39 386.791 389.442 387.042 380.767 379.389 380.497 379.326 379.914 380.837
432.528 416.25 413.905 410.363 409.352 410.324 413.097 415.704 423.774 431.527 441.774 445.826 445.674 453.991 460.789 455.785 446.365 446.777 451.459 443.754 435.165 427.558 421.083 413.925 409.914 402.897 389.918 389.415 393.057 385.519 382.638 386.581 391.504 394.654 400.25 412.891 427.787 446.79 449.81 454.242 445.935 444.931 437.147 423.895 411.7 410.226 400.502 393.26 392.023 392.597 395.574 398.167 400.656 398.779 393.061 387.689 385.422 386.751 389.664 389.629 384.206 382.186 379.558 379 380.827 381.145
441.608 421.224 414.029 400.656 391.545 392.266 394.918 400.694 417.468 422.768 425.51 431.128 433.003 438.649 450.484 450.638 437.693 434.575 438.301 432.852 424.084 413.654 404.844 395.147 389.616 382.979 375.441 379.124 382.93 380.575 372.256 375.396 379.37 380.339 388.516 409.273 436.62 452.145 443.787 442.294 430 424.801 417.934 411.885 408.291 406.219 401.092 394.6 392.752 397.994 404.921 404.395 402.368 400.372 393.071 392.104 387.559 387.918 391.501 392.462 384.768 382.285 379.68 379.122 382.279 382.285
440.426 422.616 409.895 391.59 389.031 389.786 384.698 390.458 406.835 407.85 409.536 416.458 418.619 429.244 442.118 449.694 443.134 433.225 426.301 419.065 410.649 401.817 391.41 381.27 378.597 372.196 366.508 366.447 371.025 371.208 367.648 371.862 372.801 369.897 389.182 417.696 437.188 454.926 454.635 443.743 426.193 420.386 421.963 425.403 421.826 408.146 401.572 397.178 397.28 406.544 414.31 411.658 403.528 400.648 396.495 394.299 391.141 390.389 393.225 389.708 384.269 383.344 380.825 380.145 382.266 383.054
426.299 414.211 406.051 383.687 375.562 378.672 378.226 376.294 379.794 384.549 392.245 399.698 407.44 424.468 437.593 447.304 444.038 434.559 421.04 403.137 394.373 386.454 378.092 368.193 365.375 362.091 355.789 355.642 362.214 362.145 364.224 370.079 369.661 370.085 391.869 405.756 429.465 454.647 471.262 463.38 440.62 428.053 438.041 440.353 428.172 411.019 407.019 401.157 401.086 411.136 418.369 410.555 402.396 403.026 400.748 395.337 394.145 393.01 392.656 388.644 386.105 385.851 383.019 381.553 381.267 383.289
414.175 399.728 393.657 374.255 359.755 359.157 360.071 359.556 361.654 364.211 374.23 382.942 396.428 415.549 427.729 438.512 435.929 424.809 415.184 394.469 381.682 371.216 365.811 355.849 351.331 354.351 350.779 348.231 352.265 346.057 351.458 354.812 354.478 362.118 375.832 388.009 414.51 445.902 471.267 475.232 449.567 431.919 443.081 436.99 418.378 415.091 414.006 408.034 405.702 414.938 416.603 407.533 402.929 406.234 402.337 397.273 395.055 391.797 390.408 392.289 391.227 386.291 385.244 384.231 383.484 382.354
413.08 390.03 378.329 366.031 349.273 342.942 339.92 345.803 348.28 347.796 359.782 364.265 380.839 401.232 415.529 425.964 430.758 420.117 409.907 393.693 379.705 366.068 358.427 352.581 342.773 340.28 339.551 343.699 345.392 334.736 330.457 328.977 335.826 352.452 358.854 373.455 395.341 427.744 474.412 476.119 454.419 442.99 447.474 436.96 423.724 430.595 423.339 415.302 417.809 425.817 422.976 413.299 413.566 409.627 404.441 400.033 393.962 392.339 392.244 391.331 390.209 387.657 387.122 384.879 385.597 383.634
408.543 387.459 375.745 368.916 350.342 344.141 337.102 341.41 344.877 344.67 343.815 351.697 368.405 385.242 398.877 409.014 411.293 406.128 395.65 385.907 372.968 360.741 352.518 347.689 334.172 326.201 325.858 325.746 325.479 325.216 318.002 333.808 354.588 357.427 350.723 368.603 397.248 417.016 443.515 458.375 456.548 463.377 456.686 440.779 440.013 446.763 440.968 432.294 439.229 446.777 440.131 431.809 429.942 417.028 408.419 401.441 392.899 393.289 393.756 392.227 390.548 388.616 388.045 387.186 385.173 384.041
393.365 380.42 373.454 366.893 352.191 341.514 340.058 346.536 347.204 342.119 335.301 340.531 351.611 365.279 384.282 398.805 399.041 390.392 383.232 371.556 359.098 348.043 346.09 341.414 328.268 313.299 310.529 308.389 307.665 312.976 321.292 358.471 380.049 376.274 357.298 363.345 386.837 408.476 421.665 437.74 450.158 457.55 455.861 452.342 459.432 471.069 460.314 453.355 463.942 470.357 459.408 450.795 439.295 424.386 409.914 396.665 393.629 392.376 392.122 391.209 391.715 390.548 388.218 386.941 383.997 383.367
376.409 371.494 361.696 360.786 350.659 333.019 337.376 344.667 340.603 340.8 335.622 334.285 336.809 355.201 376.563 391.927 387.722 378.921 374.327 358.585 342.435 332.703 350.349 352.074 327.078 308.503 300.829 300.552 311.498 328.61 348.854 373.2 382.763 387.614 377.114 367.43 373.193 389.731 404.936 422.188 443.205 456.68 471.227 473.658 478.054 488.368 473.256 471.566 482.598 479.238 468.967 465.393 447.712 422.488 405.105 397.36 396.959 394.065 393.466 391.761 391.168 391.936 387.436 385.453 386.059 386.344
368.036 366.194 352.041 346.159 336.777 321.435 323.292 329.178 334.916 340.98 337.056 329.287 331.83 349.554 371.517 381.155 374.252 371.475 364.654 350.932 331.861 324.49 350.658 357.057 323.776 298.934 298.239 305.69 325.233 345.094 364.257 378.576 386.515 400.296 408.674 392.339 378.055 391.298 403.712 419.972 445.503 470.409 494.174 496.405 496.644 495.02 487.799 485.566 482.489 465.105 451.935 448.488 441.658 419.478 405.8 399.368 398.068 396.571 397.059 394.902 392.539 392.837 389.743 387.471 387.737 388.791
352.019 347.607 340.689 335.3 327.46 316.506 313.652 322.861 338.66 341.479 329.497 319.052 327.855 344.921 361.51 368.604 367.389 365.172 357.649 344.109 324.409 313.324 326.468 320.771 304.226 296.499 305.042 316.16 337.025 364.734 386.361 407.392 421.214 434.015 433.799 411.336 393.599 399.581 410.051 429.473 458.886 491.773 514.456 524.817 520.524 503.351 490.977 477.679 462.39 450.452 435.779 427.617 425.298 414.343 403.84 401.186 398.657 398.122 399.135 397.639 393.988 393.045 389.843 388.308 387.209 388.529
336.496 323.343 325.033 327.967 324.838 318.703 316.892 322.174 330.123 329.711 319.397 305.864 319.771 338.287 350.81 356.772 357.755 355.833 349.292 338.727 315.646 297.748 298.329 294.676 288.02 297.317 314.27 332.741 354.944 381.304 402.229 418.086 432.855 457.77 452.268 425.178 415.356 411.343 420.731 442.79 478.274 508.041 525.235 540.706 536.401 512.023 499.108 485.865 467.161 447.722 428.255 418.184 413.057 406.424 402.875 401.354 399.792 399.489 401.732 399.802 395.59 393.028 390.489 389.285 387.494 388.036
321.155 300.92 312.347 313.298 314.812 318.048 314.39 313.058 321.716 323.747 311.978 294.598 308.559 327.283 340.344 345.296 347.234 348.564 339.645 332.472 318.665 297.532 292.372 284.917 290.178 302.837 323.712 345.929 363.369 388.212 405.718 416.484 439.475 467.722 459.868 451.084 450.78 449.284 454.109 471.067 494.505 520.02 534.102 546.906 538.127 524.286 509.535 488.546 469.535 448.233 426.613 429.305 425.017 415.982 406.913 402.802 402.959 403.321 403.783 401.336 394.64 390.902 390.168 390.023 388.471 389.95
303.569 295.671 290.154 282.422 297.997 301.384 302.461 317.587 332.711 324.389 301.425 295.091 308.036 319.952 324.04 328.799 334.364 332.055 319.71 310.553 305.891 297.107 287.026 279.427 287.792 303.958 315.919 330.451 349.178 367.455 382.741 402.482 420.343 444.819 461.32 482.07 491.329 492.645 486.219 501.263 526.518 544.168 546.68 556.594 553.712 536.35 510.239 485.366 464.274 442.379 429.687 439.882 441.045 425.39 409.769 404.458 403.977 405.429 403.612 399.866 396.264 393.784 391.639 390.331 389.408 392.103
296.694 275.331 264.148 272.635 290.66 294.977 305.412 323.441 329.664 322.523 300.682 305.273 322.437 327.922 321.776 320.068 322.564 319.074 300.215 289.609 291.279 290.571 281.289 278.846 288.209 299.72 303.882 313.599 335.034 355.791 392.405 412.087 416.929 434.181 467.655 498.168 525.128 554.342 538.17 537.336 554.298 562.343 559.789 556.789 543.163 524.797 506.752 488.163 466.35 444.518 434.093 431.141 423.672 414.699 407.821 403.675 403.715 403.878 403.778 400.997 400.068 396.644 393.634 391.494 390.923 391.077
271.636 268.99 272.352 284.755 292.413 289.15 302.283 316.412 324.065 321.056 307.39 307.981 319.995 321.94 315.766 312.661 314.827 311.639 299.66 290.51 290.945 291.289 282.908 277.445 289.859 305.388 313.726 326.276 352.267 385.509 422.879 453.168 453.944 471.076 493.486 509.289 517.037 577.841 589.683 576.053 572.889 573.869 567.804 548.057 530.137 513.141 489.642 469.169 450.684 443.318 431.112 417.316 409.753 406.983 404.883 403.575 402.969 402.778 402.14 402.914 400.58 396.029 394.109 392.15 390.326 391.728
252.141 271.097 273.493 276.066 276.236 280.012 296.287 308.023 321.931 326.387 310.594 299.989 301.885 303.89 308.219 307 302.974 301.135 298.141 290.582 287.173 285.643 281.02 275.617 289.166 306.447 318.906 331.109 354.995 382.736 429.104 459.45 474.6 478.414 483.991 489.404 526.985 562.193 608.903 605.701 585.225 582.05 570.765 546.977 530.113 518.33 490.214 455.536 437.697 431.368 420.922 415.26 414.666 412.784 408.807 406.372 402.743 401.186 401.715 403.208 400.454 396.897 393.902 391.024 390.29 392.488
242.964 261.921 265.438 278.22 276.676 272.797 280.503 295.573 304.358 314.814 301.332 287.411 285.623 291.02 301.694 302.761 290.815 291.6 293.103 289.693 285.024 280.689 274.183 278.758 293.443 304.35 311.147 318.901 339.037 359.789 390.323 422.567 441.397 444.207 465.509 492.079 537.976 578.993 601.809 610.713 600.074 584.793 563.513 538.442 527.798 511.186 482.941 458.961 440.286 430.447 426.613 425.996 426.91 422.952 411.199 406.807 403.11 401.453 400.946 399.964 398.227 397.878 396.449 394.593 392.815 392.806
246.036 244.908 250.472 268.576 265.802 264.09 266.722 268.88 280.649 299.837 288.533 272.424 281.908 298.872 310.522 304.982 287.248 286.882 287.832 287.48 278.75 273.186 273.063 286.249 297.997 299.602 299.511 306.44 325.336 342.397 371.74 407.535 419.508 462.274 504.866 526.561 558.239 591.863 609.635 630.84 606.519 572.735 544.231 520.419 502.919 485.96 468.006 450.757 446.956 445.599 442.5 435.143 428.545 422.603 415.495 409.952 405.743 403.67 400.924 398.639 397.231 397.199 397.145 396.308 396.023 392.942
228.241 222.655 229.702 246.006 249.916 247.62 237.649 231.61 236.919 255.964 256.063 260.974 286.942 307.059 326.152 333.311 305.057 287.694 286.276 282.956 270.728 274.219 281.41 294.864 298.267 296.747 297.959 303.388 316.576 338.663 370.18 387.331 431.373 492.997 529.541 551.748 569.003 611.691 639.359 649.012 611.627 572.588 541.364 516.986 498.034 480.134 466.146 461.567 466.894 463.156 450.502 439.04 425.308 418.563 415.29 409.871 405.897 405.76 403.634 400.481 397.833 399.094 398.376 397.308 396.308 394.593
192.285 199.978 202.595 210.362 226.779 222.788 200.866 201.392 211.739 223.305 242.012 280.915 307.894 314.846 325.766 334.418 327.678 297.298 285.045 277.437 270.301 276.961 285.49 292.224 288.291 298.982 316.905 333.287 340.521 358.217 378.633 401.265 438.603 486.852 519.085 543.844 580.206 618.245 643.178 649.329 628.777 594.334 564.255 541.086 521.959 502.294 482.387 478.39 477.644 465.277 449.58 433.191 422.777 416.432 413.539 408.436 407.466 406.06 404.322 400.128 400.059 402.985 399.957 398.308 397.408 396.43
181.332 178.811 184.736 183.58 187.572 188.276 199.164 221.586 230.322 237.909 267.954 304.491 320.698 332.006 331.441 340.422 345.569 326.434 297.306 279.314 270.392 269.814 278.34 282.271 288.812 317.664 354.971 380.962 386.87 394.081 407.875 422.02 436.344 479.53 531.394 568.052 589.868 615.96 637.22 633.193 627.896 608.327 585.066 575.731 555.583 519.954 503.639 497.809 484.961 469.114 448.908 435.389 430.577 420.724 415.454 411.178 410.484 410.312 404.866 402.186 403.366 407.8 401.922 399.154 398.878 398.263
219.418 193.995 184.429 181.487 194.576 205.705 226.686 259.153 266.245 265.242 281.577 313.482 332.709 340.518 342.665 345.342 347.112 348.818 320.677 288.541 271.644 270.036 281.109 290.564 307.208 341.501 380.396 414.317 434.621 435.325 439.566 431.964 432.42 469.868 526.179 577.185 606.117 626.383 634.429 618.565 600.129 589.373 585.914 587.302 562.735 538.959 527.262 513.602 495.192 472.171 456.218 450.052 439.375 426.222 420.992 414.469 408.038 405.05 402.073 408.084 416.003 415.241 406.076 399.333 398.045 398.914
261.498 227.294 216.492 220.23 229.993 233.606 250.062 279.171 297.371 280.525 287.468 308.722 328.781 336.577 334.476 335.922 341.079 342.443 338.422 311.382 277.479 271.932 291.047 318.145 341.256 369.371 407.62 447.729 479.069 481.564 471.572 444.921 441.466 462.029 493.333 544.664 596.555 633.038 652.724 632.952 591.178 573.398 578.608 593.849 587.636 555.469 522.441 510.107 497.058 476.183 465.31 452.877 440.303 430.573 423.595 415.559 407.984 403.355 405.153 418.66 427.609 421.569 413.365 402.307 398.693 399.796
