Peta/tes_6.asc
ncols         300
nrows         300
xllcorner     119.6769289154
yllcorner     -5.5038513964
cellsize      0.00083333333333334
nodata_value  -9999
[rows 0 to 28 of 300, columns 198 to 263 of 300]
861.02 947.741 978.592 979.458 967.502 953.999 937.273 937.378 951.27 966.976 970.411 978.892 986.381 998.357 990.098 992.206 1005.972 1017.616 1024.994 1028.203 1030.184 1029.9 1030.751 1037.391 1046.898 1054.034 1062.771 1078.646 1088.49 1102.529 1118.632 1134.7 1139.206 1136.715 1125.98 1118.259 1112.074 1100.605 1109.407 1136.317 1156.668 1154.345 1157.766 1156.718 1138.548 1126.279 1143.424 1154.28 1157.268 1165.273 1184.915 1207.508 1227.935 1246.442 1251.83 1257.753 1271.013 1285.95 1305.867 1322.424 1340.463 1362.647 1373.951 1390.111 1407.717 1433.294
879.578 958.594 974.896 970.989 958.127 948.183 930.232 930.582 945.451 965.513 961.84 962.601 975.243 982.803 980.092 993.361 1007.173 1021.322 1031.264 1020.791 1020.528 1027.613 1036.744 1043.69 1051.409 1056.039 1065.811 1077.964 1087.395 1097.978 1108.381 1116.92 1119.944 1113.794 1108.584 1108.385 1092.63 1099.349 1121.983 1137.729 1143.939 1136.989 1128.164 1125.036 1133.111 1154.392 1178.387 1190.364 1171.77 1165.406 1188.224 1215.025 1229.106 1229.074 1236.884 1254.246 1268.859 1288.902 1298.4 1303.229 1320.879 1343.149 1354.031 1368.102 1402.392 1424.384
899.663 970.548 983.389 964.799 945.186 934.766 924.496 929.07 943.132 964.979 960.455 951.368 971.855 974.874 985.673 1004.428 1017.412 1020.981 1016.625 1012.046 1025.8 1035.038 1040.261 1041.678 1043.51 1052.24 1062.82 1071.811 1079.707 1089.403 1094.563 1097.636 1104.481 1095.501 1107.116 1097.502 1090.435 1109.146 1126.28 1131.826 1132.451 1111.65 1110.301 1139.075 1160.157 1175.624 1187.426 1204.442 1207.403 1206.151 1224.75 1240.969 1249.469 1245.09 1235.25 1247.973 1266.176 1282.132 1288.772 1292.32 1298.28 1315.982 1336.597 1343.303 1349.655 1376.945
927.461 971.442 977.471 947.88 925.915 913.46 918.684 942.779 943.965 945.826 940.205 947.878 964.366 963.766 984.462 1004.062 1007.511 1001.536 998.403 1010.113 1025.325 1030.491 1032.669 1026.414 1033.738 1045.028 1048.456 1058.941 1070.855 1076.301 1075.498 1082.671 1090.07 1093.013 1088.459 1073.122 1087.509 1104.795 1111.097 1111.51 1107.028 1103.191 1124.129 1152.784 1161.656 1173.644 1190.674 1210.478 1227.985 1240.358 1251.006 1261.73 1275.349 1273.495 1261.666 1268.156 1287.677 1292.11 1293.044 1313.325 1339.559 1363.208 1366.031 1363.909 1367.508 1379.377
955.249 970.424 964.378 933.174 906.573 899.882 923.216 934.807 923.547 920.538 928.336 956.609 957.771 961.405 980.717 993.634 996.049 988.5 995.015 1007.701 1013.007 1019.789 1018.511 1018.162 1032.063 1041.021 1047.329 1055.297 1059 1061.949 1068.491 1078.115 1090.204 1086.671 1064.925 1066.581 1077.493 1083.31 1085.085 1095.151 1102.584 1126.581 1149.818 1172.559 1182.492 1192.564 1200.999 1214.281 1229.308 1249.518 1265.186 1269.285 1276.54 1282.094 1276.089 1284.462 1313.383 1342.724 1343.049 1345.738 1377.051 1409.121 1421.749 1410.459 1398.286 1385.214
959.424 959.006 946.782 917.838 891.532 893.893 913.635 910.83 913.161 918.244 930.001 948.487 949.449 963.805 980.782 990.409 988.86 984.593 987.134 994.015 1001.011 1002.036 1010.002 1024.48 1040.909 1050.812 1057.568 1059.425 1057.587 1054.374 1068.082 1075.01 1077.174 1061.041 1056.221 1060.962 1068.93 1077.898 1103.633 1124.211 1135.978 1155.771 1173.578 1195.319 1210.666 1214.828 1215.3 1224.178 1233.328 1253.102 1270.687 1274.751 1279.347 1283.402 1274.629 1288.469 1322.363 1366.437 1371.512 1358.15 1380.851 1416.215 1438.325 1441.634 1425.686 1403.81
951.497 949.199 925.583 893.132 880.87 896.369 907.269 912.098 932.49 937.855 943.972 947.168 959.919 973.435 981.577 982.199 976.011 975.23 978.343 983.771 990.835 1006.674 1021.412 1027.993 1040.796 1051.671 1052.574 1033.548 1015.759 1016.676 1034.008 1043.274 1044.217 1045.14 1061.016 1071.184 1075.448 1089.122 1107.967 1118.998 1134.765 1160.693 1185.001 1212.181 1226.444 1231.035 1233.619 1242.518 1249.945 1258.247 1270.24 1281.151 1290.011 1293.317 1287.08 1293.808 1318.241 1351.902 1373.03 1385.702 1404.315 1431.923 1452.32 1454.702 1447.736 1437.543
937.32 923.09 896.108 874.557 881.249 903.983 908.317 922.7 940.356 955.665 960.039 958.864 965.938 973.133 979.889 969.647 970.279 975.21 974.267 988.805 1005.366 1014.898 1015.991 1020.152 1035.795 1040.293 1020.021 992.085 996.177 1025.09 1037.596 1037.925 1041.421 1049.225 1071.717 1089.615 1093.489 1100.917 1120.397 1137.81 1145.822 1163.537 1189.702 1210.714 1224.114 1234.902 1247.141 1260.172 1267.975 1268.884 1277.07 1290.553 1302.373 1307.208 1306.802 1315.622 1320.647 1342.427 1374.69 1397.673 1418.803 1437.094 1457.563 1465.641 1463.948 1455.637
925.831 897.222 870.374 865.158 885.332 902.023 909.228 922.972 936.995 944.518 948.577 954.527 963.576 969.338 972.922 961.719 963.373 964.548 982.735 998.077 1008.576 1010.108 1006.788 1017.741 1027.874 1021.038 992.403 979.445 1007.603 1040.641 1058.33 1064.836 1072.342 1072.725 1079.595 1094.864 1111.203 1121.233 1133.734 1145.196 1160.135 1181.704 1210.498 1223.726 1234.44 1242.387 1251.477 1264.642 1282.695 1290.175 1294.135 1306.666 1314.052 1320.306 1325.94 1338.019 1342.652 1352.587 1388.613 1403.192 1417.483 1438.997 1461.355 1476.272 1475.658 1457.479
921.04 881.258 863.501 877.613 899.292 898.169 910.104 922.191 927.026 934.748 949.076 959.622 966.568 970.714 963.166 954.721 965.434 974.953 984.133 995.15 1002.685 995.383 991.868 1003.958 1001.653 989.378 970.39 975.77 1004.623 1037.718 1057.32 1073.732 1079.103 1082.275 1088.179 1101.004 1118.211 1132.814 1143.313 1149.772 1172.254 1195.056 1218.982 1234.674 1240.976 1248.365 1255.736 1267.58 1290.151 1304.607 1309.38 1312.715 1315.805 1323.793 1339.411 1364.336 1381.793 1396.477 1406.722 1405.007 1414.806 1440.733 1465.839 1482.358 1488.972 1464.002
906.947 866.461 856.299 884.549 896.342 903.296 917.855 918.553 918.999 936.618 955.479 962.55 965.117 965.131 952.38 959.874 973.561 978.686 983.138 988.826 987.281 977.369 986.027 988.643 969.654 958.545 964.689 983.026 1011.471 1037.788 1052.498 1064.846 1074.571 1079.143 1081.745 1089.914 1106.016 1125.373 1142.351 1161.039 1170.808 1190.531 1215.3 1240.272 1252.725 1256.42 1269.683 1276.881 1290.782 1309.419 1322.254 1324.548 1321.332 1328.233 1351.426 1388.87 1416.355 1425.285 1429.734 1419.938 1425.42 1450.018 1475.295 1490.462 1496.216 1473.051
886.475 847.144 849.302 882.194 887.009 904.124 916.005 911.766 924.727 946.445 955.64 957.691 960.044 950.782 951.776 961.765 968.066 971.98 974.799 973.561 970.589 976.296 989.249 975.495 951.085 955.024 978.683 1001.563 1020.31 1034.854 1043.21 1055.452 1065.29 1061.964 1061.483 1073.113 1093.545 1112.465 1136.028 1164.723 1180.788 1204.268 1220.06 1234.915 1248.335 1260.923 1275.041 1284.627 1297.815 1310.87 1324.245 1334.58 1334.304 1338.7 1367.13 1413.92 1440.89 1457.245 1465.14 1456.015 1441.373 1460.666 1477.426 1489.49 1501.403 1485.27
865.281 824.532 829.771 861.77 880.782 898.085 901.787 906.627 924.826 938.223 944.993 948.27 948.38 934.611 945.945 960.244 961.145 961.791 961.724 960.805 968.852 980.521 987.577 972.277 952.332 955.545 976.662 993.732 1010.768 1023.471 1030.654 1032.831 1035.889 1038.723 1056.319 1078.432 1098.392 1118.88 1135.262 1172.995 1197.139 1219.595 1237.818 1243.424 1248.863 1262.009 1279.012 1297.835 1309.214 1314.754 1323.852 1337.231 1346.468 1358.761 1375.045 1432.603 1462.4 1478.597 1489.295 1482.76 1463.225 1475.8 1488.825 1490.454 1499.617 1499.056
815.539 789.054 817.394 857.299 883.875 894.975 900.962 916.949 930.471 934.307 932.693 938.857 937.11 934.856 947.438 957.734 952.382 953.021 952.882 963.218 973.97 977.56 969.423 958.07 948.64 957.046 978.486 997.528 1010.168 1019.218 1015.499 1013.022 1024.43 1043.817 1063.835 1086.593 1097.955 1120.325 1135.913 1181.991 1207.811 1219.258 1236.595 1248.783 1255.839 1260.989 1273.099 1291.64 1307.284 1318.245 1328.879 1342.99 1353.083 1366.57 1388.906 1428.316 1462.622 1475.843 1495.699 1491.977 1481.005 1491.938 1511.113 1504.743 1506.452 1515.689
770.033 783.742 824.578 864.504 886.8 892.886 905.62 918.394 922.089 924.519 932.825 941.54 939.567 931.446 942.089 946.528 941.418 942.772 955.778 967.784 973.053 957.612 938.318 940.536 951.643 965.592 983.355 994.959 998.116 1002.78 1002.43 1014.552 1029.04 1039.941 1051.691 1064.112 1076.719 1097.475 1125.903 1159.747 1184.837 1201.283 1225.75 1245.002 1254.78 1253.924 1262.96 1279.283 1298.495 1316.003 1326.991 1340.673 1351.114 1360.938 1381.639 1414.539 1454.863 1476.681 1501.249 1513.115 1511.717 1523.463 1535.672 1525.201 1513.783 1526.009
743.525 786.99 847.003 879.541 890.382 895.528 901.69 903.995 910.342 922.932 936.091 942.184 937.224 923.471 933.56 937.642 930.22 943.537 959.127 966.586 964.498 943.207 933.626 943.032 950.201 960.127 969.255 973.818 985.073 992.907 999.662 1008.467 1006.815 1015.099 1028.149 1043.881 1055.041 1078.882 1106.198 1131.163 1153.114 1174.303 1197.872 1230.968 1246.003 1249.102 1256.911 1273.921 1291.052 1302.905 1317.293 1335.193 1349.018 1354.012 1362.156 1390.401 1427.194 1461.792 1496.783 1520.014 1536.595 1547.255 1555.137 1543.055 1530.072 1531.402
730.396 799.499 877.044 889.675 891.267 893.14 895.611 903.662 914.643 926.326 933.197 934.683 928.165 919.509 929.692 930.046 937.336 950.837 953.312 955.827 954.665 939.078 930.925 926.635 936.068 953.423 968.453 977.016 986.761 987.33 986.389 989.8 992.836 1002.02 1017.343 1034.446 1046.095 1069.905 1092.73 1106.488 1121.346 1136.843 1159.578 1187.821 1216.527 1243.808 1253.671 1261.725 1276.319 1293.509 1315.897 1332.479 1344.62 1356.127 1361.523 1368.68 1397.065 1430.376 1466.005 1491.266 1519.716 1533.711 1540.99 1545.314 1548.229 1544.229
763.268 826.047 889.799 905.954 904.852 903.372 902.448 901.737 912.711 922.59 926.827 924.073 917.078 916.352 924.671 926.398 937.566 947.667 947.761 944.548 946.261 939.572 933.869 920.081 930.768 957.886 975.199 979.031 974.449 980.455 988.492 995.754 1002.894 1004.937 1014.571 1026.205 1038.652 1060.377 1075.899 1082.486 1087.78 1103.251 1120.948 1149.056 1181.788 1215.846 1239.39 1244.27 1262.219 1288.267 1309.373 1324.162 1339.012 1349.33 1354.201 1361.019 1372.778 1402.364 1433.4 1450.664 1447.992 1477.489 1505.351 1531.243 1551.165 1559.876
789.274 848.462 900.821 912.315 906.681 896.849 890.417 902.714 914.214 917.574 914.761 905.767 906.8 911.673 915.175 927.036 938.684 943.714 942.761 936.69 930.821 922.07 911.735 911.27 929.92 958.977 967.315 967.569 981.212 994.946 1002.966 1010.459 1013.09 1014.063 1020.654 1029.052 1037.581 1044.685 1054.303 1066.379 1076.109 1085.724 1089.84 1116.754 1149.88 1185.674 1216.342 1241.937 1256.819 1275.649 1292.573 1297.441 1311.987 1330.861 1337.473 1348.913 1364.728 1379.791 1409.418 1428.681 1434.934 1439.785 1464.947 1503.442 1546.391 1570.109
814.514 861.846 890.91 900.486 892.202 881.373 884.355 899.465 907.242 907.493 901.259 903.713 914.214 910.594 914.513 930.701 937.994 939.493 938.005 930.541 921.079 904.2 902.248 914.702 937.142 950.824 953.085 968.075 989.717 998.464 1003.898 1008.772 1013.726 1019.459 1019.262 1023.734 1024.885 1024.167 1027.872 1042.279 1058.809 1074.389 1091.763 1110.981 1130.713 1164.548 1197.585 1228.776 1243.272 1262.083 1267.867 1260.667 1279.411 1307.283 1321.597 1346.669 1356.988 1369.425 1392.571 1409.913 1415.559 1409.06 1428.637 1469.897 1510.18 1546.172
822.201 864.912 877.499 882.233 870.611 872.961 884.846 889.451 892.188 888.973 897.476 912.258 905.791 904.931 923.568 933.156 936.732 936.353 933.222 915.757 907.218 901.223 912.113 924.96 936.123 939.32 953.113 971.805 988.628 993.998 995.845 999.283 1003.374 1001.222 992.459 1002.073 1017.1 1025.533 1027.661 1043.36 1056.588 1073.554 1101.166 1114.027 1124.556 1145.104 1176.797 1213.407 1234.952 1245.453 1245.361 1240.199 1250.075 1279.824 1307.411 1330.915 1347.578 1366.893 1385.645 1392.739 1392.465 1387.806 1396.769 1437.662 1475.154 1511.226
843.838 861.739 867.884 873.808 861.458 864.323 871.476 867.897 869.483 886.184 900.774 905.944 896.632 910.55 923.318 928.844 930.764 928.896 916.895 900.309 899.366 906.59 917.811 922.628 932.458 949.24 967.895 974.582 980.06 983.768 989.053 997.368 997.095 985.339 994.814 1020.58 1039.077 1047.283 1039.475 1041.095 1045.688 1059.426 1078.369 1090.942 1100.522 1119.441 1152.531 1184.445 1213.975 1215.193 1214.079 1208.952 1228.523 1265.894 1295.344 1316.785 1333.379 1353.327 1363.407 1365.139 1362.651 1367.449 1379.976 1407.559 1449.089 1481.112
839.954 852.803 860.364 865.826 855.973 849.341 855.997 860.239 876.099 892.253 895.579 889.445 895.829 911.189 918.658 924.938 923.204 915.342 907.784 898.473 897.669 908.032 913.999 929.904 948.451 960.756 964.524 957.857 972.012 984.286 988.13 989.071 985.616 982.204 1009.012 1033.395 1047.385 1057.359 1062.361 1065.705 1074.125 1071.207 1077.28 1097.673 1106.108 1123.474 1137.707 1157.251 1171.081 1181.848 1201.266 1232.457 1267.479 1284.721 1302.344 1309.022 1313.663 1325.637 1337.538 1338.909 1341.872 1350.749 1363.195 1400.221 1443.845 1465.542
843.974 847.451 856.648 862.703 851.344 845.838 860.89 878.126 888.49 888.118 879.614 880.6 897.346 901.221 907.78 916.911 912.242 893.364 888.457 887.331 889.565 914.646 928.051 940.254 941.557 949.452 948.651 955.453 974.658 977.479 969.368 966.745 967.053 982.798 1005.906 1024.307 1043.672 1058.15 1068.87 1085.627 1101.117 1108.51 1111.059 1118.13 1129.753 1137.954 1148.97 1150.083 1178.328 1208.227 1238.624 1261.46 1289.411 1312.594 1325.254 1312.667 1302.28 1315.321 1325.28 1342.692 1354.265 1359.814 1370.554 1402.274 1442.814 1462.628
849.741 843.368 843.587 848.652 839.383 851.243 871.387 880.962 882.384 877.626 870.4 880.498 891.282 894.872 901.581 907.292 903.165 889.752 888.738 885.426 886.025 910.997 933.421 934.116 919.541 924.32 927.662 941.652 959.62 949.731 942.991 948.92 956.627 984.24 1009.065 1027.325 1044.487 1059.392 1065.622 1077.415 1097.616 1122.308 1139.831 1146.89 1154.645 1163.129 1173.667 1168.447 1192.995 1225.067 1248.137 1264.039 1283.142 1309.059 1332.432 1325.358 1328.606 1343.991 1354.428 1363.007 1370.804 1385.647 1394.691 1406.992 1434.13 1457.052
821.822 813.845 804.997 809.409 822.652 848.35 868.073 870.581 865.316 860.582 862.806 877.603 885.852 889.94 895.198 900.351 900.972 898.593 880.924 857.091 846.945 865.721 884.556 879.968 871.827 877.786 880.69 892.283 910.552 919.163 933.482 957.738 982.563 996.494 1011.976 1022.485 1027.843 1037.715 1047.367 1063.637 1089.137 1116.897 1139.274 1159.284 1172.906 1179.05 1187.595 1194.329 1206.232 1222.548 1237.408 1254.47 1279.656 1308.664 1335.71 1348.458 1351.954 1362.313 1371.202 1377.18 1381.375 1397.985 1416.845 1418.441 1437.37 1458.524
772.069 716.514 711.231 736.801 771.825 800.392 810.913 804.868 796.487 794.756 802.137 836.29 871.29 884.798 889.086 882.461 884.167 872.305 835.807 801.927 791.159 807.082 822.166 819.72 826.285 842.979 851.455 856.998 868.502 894.311 931.208 965.793 983.641 992.404 1003.172 1003.448 1010.033 1026.903 1050.96 1075.892 1106.41 1133.409 1156.83 1175.832 1195.999 1203.968 1203.482 1208.457 1226.682 1238.609 1254.385 1258.879 1273.055 1302.691 1331.964 1349.162 1360.716 1374.231 1384.78 1394.115 1393.174 1404.897 1432.054 1452.148 1467.778 1472.932
711.474 682.84 665.09 667.81 675.918 680.336 673.96 660.722 650.025 644.769 651.234 717.857 786.178 810.402 818.011 812.907 816.554 811.125 790.191 778.076 772.451 779.862 790.829 793.597 809.839 835.412 852.225 856.831 862.531 885.218 919.052 950.496 969.193 975.722 983.544 993.485 1005.475 1021.718 1041.481 1068.913 1114.955 1139.783 1167.64 1190.15 1210.667 1230.252 1234.751 1237.597 1248.884 1258.849 1275.321 1284.868 1287.924 1310.418 1329.425 1347.881 1364.809 1380.687 1396.52 1408.323 1411.674 1419.703 1439.278 1461.889 1479.348 1485.587
668.345 652.061 634.714 638.131 644.305 646.959 643.632 642.255 635.503 617.408 612.645 660.746 704.479 722.031 734.619 732.995 744.301 764.466 781.107 792.521 792.223 784.067 786.194 791.284 806.402 824.704 837.498 850.398 866.995 887.437 911.72 938.15 956.646 965.93 977.132 988.639 997.965 1014.664 1036.228 1051.783 1080.794 1108.008 1142.552 1177.91 1215.669 1236.704 1247.603 1254.234 1266.544 1278.255 1295.216 1314.08 1316.426 1327.454 1337.994 1352.159 1365.363 1384.83 1406.645 1418.576 1420.05 1430.462 1450.052 1466.869 1483.968 1502.352
