Peta/tes_6.asc
ncols         300
nrows         300
xllcorner     119.6769289154
yllcorner     -5.5038513964
cellsize      0.00083333333333334
nodata_value  -9999
[rows 174 to 202 of 300, columns 66 to 131 of 300]
737.354 804.024 845.156 898.456 959.283 1007.551 1018.398 1020.901 1017.156 1018.245 1018.196 1013.211 1006.003 922.518 840.256 798.907 764.482 734.611 702.201 667.509 643.803 617.995 613.199 632.503 664.499 692.312 728.458 757.137 798.493 849.644 903.667 930.267 937.408 922.375 896.016 859.152 811.704 781.011 758.94 737.808 712.791 692.192 677.39 665.181 653.923 656.442 663.305 673.906 682.237 685.682 702.509 724.554 747.16 766.537 783.94 807.593 835.379 864.781 892.388 920.745 935.104 944.53 918.982 874.565 836.182 791.345
757.193 814.312 851.097 900.792 965.064 1021.132 1033.344 1032.028 1032.525 1032.516 1033.597 1022.973 1010.936 916.44 836.866 790.547 755.857 726.778 693.259 665.198 643.052 618.95 614.878 626.199 649.227 696.317 739.479 777.445 821.763 877.204 938.922 961.087 962.06 955.22 948.251 919.771 850.794 795.443 757.764 738.093 719.826 704.232 691.1 673.88 661.714 662.154 663.625 669.731 674.85 681.492 705.11 730.771 751.451 767.529 785.121 804.754 828.703 854.21 875.478 899.616 918.84 915.907 873.454 838.534 818.145 778.882
754.122 802.269 850.577 907.51 977.76 1030.035 1039.891 1037.164 1038.217 1042.781 1040.893 1026.721 1009.096 915.046 832.82 782.955 746.464 710.79 678.151 658.897 643.146 627.019 617.17 625.779 643.071 694.94 742.483 784.354 846.559 908.394 960.428 968.404 967.702 961.695 950.973 910.098 864.447 819.888 785.689 757.921 732.299 715.196 697.613 679.056 674.757 676.91 679.172 687.193 691.656 703.495 723.885 743.741 760.488 771.929 788.926 813.055 842.121 860.804 876.908 894.455 904.427 883.863 842.765 811.656 792.095 757.287
752.292 804.514 857.45 927.013 1002.474 1034.319 1040.809 1040.951 1043 1048.573 1043.338 1025.577 1000.425 894.489 823.008 774.84 745.398 713.509 687.683 666.438 645.93 627.567 622.083 634.615 649.186 696.729 761.191 821.068 887.355 941.533 972.134 977.471 974.531 971.907 964.954 945.736 927.134 896.646 829.999 782.938 747.944 720.159 699.676 689.492 693.957 697.249 699.435 709.703 723.236 730.18 741.083 755.656 767.106 780.259 794.526 807.802 826.243 843.541 865.896 882.935 881.254 857.415 826.954 791.68 767.033 727.221
785.839 831.992 883.956 960.535 1018.779 1038.498 1043.696 1046.61 1047.222 1053.161 1043.312 1030.47 995.602 921.093 840.23 780.253 750.438 728.383 703.416 672.78 647.736 629.825 633.129 648.212 664.548 704.276 778.846 849.019 924.857 979.826 992.832 992.459 990.351 985.564 977.258 964.607 947.563 915.234 850.915 798.982 767.808 726.292 701.993 697.114 710.674 718.004 715.799 725.264 743.474 753.215 754.096 766.407 782.551 801.356 814.092 820.466 822.892 834.041 851.518 859.015 852.201 827.438 802.351 766.685 742.064 704.65
811.515 848.271 905.785 976.506 1024.702 1037.419 1045.024 1047.922 1049.158 1050.696 1041.529 1030.827 1014.621 980.085 849.719 785.685 756.656 730.235 701.642 672.119 650.428 635.335 645.226 666.188 685.574 702.996 790.668 861.781 944.994 997.057 1012.152 1016.954 1014.631 1006.724 991.952 975.016 952.493 921.609 888.781 839.734 784.513 734.631 713.761 711.888 725.023 732.763 732.309 739.482 754.127 761.031 763.86 771.446 793.151 815.943 837.279 841.897 834.964 832.367 831.249 834.419 831.498 805.634 776.348 739.396 717.634 693.324
826.187 864.735 922.062 992.516 1025.133 1033.681 1041.146 1048.432 1051.682 1051.806 1043.908 1031.122 1017.611 960.923 856.168 792.643 753.429 722.346 704.577 679.509 657.262 641.946 659.002 683.625 709.254 729.108 801.928 866.606 933.968 1002.207 1019.424 1034.823 1036.472 1023.788 1007.038 989.201 967.944 940.245 913.109 859.531 785.039 741.52 736.038 730.619 736.333 742.004 747.918 757.514 771.955 783.767 790.778 793.006 804.871 826.682 853.87 862.986 846.184 828.105 816.876 813.018 817.341 791.214 750.39 717.666 698.558 681.35
826.394 879.236 951.55 1008.728 1024.115 1030.174 1038.078 1046.246 1052.722 1057.212 1046.58 1036.035 1025.185 950.709 872.611 814.113 777.136 752.205 734.505 706.324 671.578 653.16 664.723 692.999 730.861 756.012 772.589 855.719 918.723 998.115 1027.426 1041.927 1042.805 1030.778 1014.065 996.201 974.944 946.748 908 845.275 802.195 779.964 766.147 753.486 760.722 766.385 772.081 778.185 793.181 806.096 819.82 831.5 840.596 853.083 870.176 862.764 838.528 818.783 802.882 795.336 797.84 787.438 754.022 721.486 706.277 688.448
827.332 887.714 947.84 999.704 1018.965 1025.315 1035.101 1044.947 1058.131 1064.406 1054.145 1043.307 1026.738 974.115 936.027 879.252 822.956 785.715 755.97 720.267 687.274 665.772 672.824 704.255 745.09 769.698 790.576 844.835 899.899 951.628 1011.978 1031.068 1031.032 1029.602 1019.895 1003.974 983.32 952.039 905.032 866.694 849.601 833.072 803.693 794.982 796.699 795.325 794.672 800.521 809.511 826.327 841.581 854.943 862.661 872.913 869.532 845.176 819.845 804.9 794.473 788.879 788.122 785.069 762.629 748.196 744.622 734.992
841.055 899.403 965.75 1009.908 1022.6 1028.026 1036.821 1049.81 1064.163 1067.869 1058.249 1035.628 1021.326 1008.023 1001.934 972.727 878.443 817.412 773.844 733.983 704.422 677.462 676.854 702.931 736.156 758.68 796.882 825.706 870.898 933.992 988.308 1018.552 1026.822 1031.686 1025.98 1017.04 1000.889 974.956 951.977 926.943 907.782 888.516 859.592 849.535 849.388 840.206 842.536 850.187 856.07 867.986 879.036 896.594 905.411 885.181 859.519 835.736 813.975 794.649 789.417 781.894 780.981 785.912 785.851 779.456 772.058 774.099
871.18 948.829 1002.351 1022.937 1029.582 1035.473 1042.808 1054.291 1070.646 1076.298 1060.374 1042.056 1024.178 1012 1004.08 976.844 911.51 848.499 805.333 761.971 717.115 688.185 685.995 699.277 720.84 751.686 793.895 829.274 873.334 926.222 981.716 1013.879 1024.953 1036.214 1036.54 1028.058 1013.395 1001.294 982.501 959.846 948.832 934.057 917.293 914.056 909.348 902.063 906.678 909.385 915.705 918.109 923.247 928.455 913.622 874.715 848.346 829.195 812.833 790.121 781.776 775.499 774.665 783.829 793.842 797.401 790.156 775.683
880.354 956.238 1011.727 1028.744 1033.945 1040.333 1051.679 1066.29 1078.074 1082.565 1065.211 1046.386 1029.082 1018.256 1008.686 994.272 960.668 897.135 828.754 767.719 716.133 692.486 703.954 723.605 734.731 756.043 793.287 842.171 887.626 944.965 998.251 1023.306 1035.789 1047.82 1046.328 1037.841 1024.702 1016.917 1002.888 986.016 974.095 963.144 948.969 945.485 941.568 936.74 932.975 931.508 933.068 929.713 927.842 924.888 904.763 862.462 833.649 818.542 810.029 792.866 775.327 768.987 770.827 775.283 782.779 780.535 775.01 763.161
914.688 986.568 1023.851 1033.437 1038.455 1044.274 1057.302 1071.655 1078.762 1082.718 1065.478 1040.619 1021.621 1014.196 1002.045 989.321 950.101 867.934 803.31 753.52 716.267 708.477 723.846 745.098 765.163 795.671 836.691 889.669 940.308 977.104 1010.104 1036.771 1050.522 1058.188 1058.236 1048.882 1034.717 1024.031 1016.225 1001.296 985.074 972.127 964.356 962.702 955.881 951.386 950.512 950.15 947.219 938.244 933.305 920.833 885.018 837.843 816.371 809.463 804.978 786.554 768.277 761.386 758.113 760.893 767.888 761.486 750.545 736.641
966.532 1011.581 1029.194 1035.207 1034.891 1038.722 1048.331 1052.536 1066.767 1076.712 1060.057 1038.387 1023.289 1016.07 1005.628 991.159 940.554 878.797 836.903 792.837 751.374 741.547 757.324 788.925 827.439 866.946 911.496 952.709 980.631 1010.674 1030.307 1049.451 1063.069 1071.026 1074.548 1070.388 1051.827 1035.522 1024.172 1015.827 1001.123 980.605 971.844 967.101 963.824 962.95 961.548 964.203 963.783 949.06 937.831 915.768 861.898 819.103 803.659 797.707 790.382 773.851 758.714 744.23 739.489 748.095 749.036 737.977 725.723 714.832
974.988 1007.506 1024.704 1027.732 1029.623 1028.814 1029.745 1036.834 1056.617 1069.833 1053.338 1035.142 1022.801 1016.758 1009.74 1001.316 972.808 938.633 889.979 844.927 807.418 814.894 829.713 862.362 903.324 937.833 960.75 980.971 1005.481 1024.777 1042.04 1058.864 1073.674 1087.245 1094.853 1086.569 1065.251 1046.956 1032.678 1018.746 1006.791 984.899 970.619 961.478 957.358 959.736 961.424 962.669 953.944 944.473 930.466 907.22 850.848 809.717 794.365 787.821 775.28 760.045 743.724 732.595 731.968 736.315 740.284 734.465 727.713 718.406
953.034 986.012 1009.128 1015.911 1014.71 1016.813 1022.554 1033.485 1050.167 1063.635 1060.555 1049.67 1037.082 1025.258 1019.744 1013.695 997.518 980.775 943.404 897.501 864.387 857.4 876.201 915.078 949.642 964.074 976.028 995.419 1016.437 1034.185 1051.502 1067.045 1082.402 1091.101 1087.847 1074.072 1060.284 1037.446 1023.645 1009.66 994.732 977.272 964.65 952.963 947.72 947.438 950.274 953.342 945.442 935.469 920.706 889.595 834.218 800.728 788.822 778.727 765.063 747.219 732.575 728.991 732.528 736.962 744.707 740.074 724.317 701.505
946.274 976.865 984.089 995.756 1001.704 1012.042 1027.945 1046.049 1062.792 1078.263 1077.445 1062.056 1049.678 1035.58 1028.763 1019.692 1006.037 987.975 961.155 919.794 888.038 878.162 899.215 933.303 958.279 972.734 992.989 1013.478 1029.118 1045.276 1058.729 1072.236 1076.442 1071.937 1067.882 1056.826 1041.927 1019.509 1003.764 986.018 970.741 958.392 950.191 940.681 935.104 931.813 936.041 940.969 939.447 931.175 915.408 875.556 818.72 794.43 782.356 768.791 758.423 744.226 725.821 725.125 727.506 728.198 731.641 728.241 709.776 686.736
948.886 969.386 983.64 993.722 1005.332 1020.733 1041.762 1057.574 1074.917 1087.005 1083.283 1068.535 1056.394 1049.139 1043.487 1033.828 1016.803 998.911 974.941 941.058 918.398 918.019 939.573 959.393 972.603 988.873 1009.392 1024.842 1042.537 1055.467 1064.698 1063.371 1053.428 1046.426 1038.4 1028.265 1017.455 1001.792 982.295 965.629 953.025 936.765 924.021 909.324 888.537 882.201 886.356 900.964 918.628 911.67 885.142 851.371 806.024 782.191 768.311 754.008 746.105 737.577 720.115 715.914 718.419 721.962 720.209 713.975 698.521 680.417
984.179 1003.231 1009.035 1013.089 1018.74 1028.495 1043.493 1058.914 1070.612 1086.157 1089.642 1079.647 1073.174 1064.995 1055.719 1042.164 1021.854 1004.807 985.831 970.499 959.194 954.481 960.369 974.267 987.268 1004.759 1020.652 1035.403 1049.041 1051.967 1045.454 1037.332 1030.223 1024.059 1013.374 1005.39 995.627 981.488 961.603 945.09 928.054 914.853 889.257 841.362 818.636 814.753 823.798 837.408 847.776 843.393 837.8 828.585 796.938 773.147 753.599 740.451 730.342 726.606 715.348 706.898 709.803 717.291 711.134 697.493 684.691 672.203
1000.516 1011.038 1014.791 1019.835 1026.338 1039.403 1054.43 1060.184 1068.997 1087.057 1093.813 1088.297 1082.092 1074.586 1063.95 1053.198 1036.251 1019.509 1008.425 987.846 971.156 963.437 968.139 982.611 998.638 1014.14 1025.639 1036.386 1039.122 1030.351 1021.183 1012.129 1005.051 998.042 987.287 978.52 966.924 952.808 933.71 914 899.274 884.152 833.288 790.364 765.336 760.357 771.443 785.339 792.409 801.376 804.401 802.018 786.937 768.943 748.989 736.163 719.798 712.065 711.026 697.381 699.966 707.481 705.227 689.517 679.51 671.469
992.052 1004.566 1016.086 1025.373 1036.571 1047.612 1056.861 1064.925 1074.232 1085.294 1089.238 1085.684 1081.105 1074.966 1068.373 1060.731 1048.466 1031.626 1021.714 1008.169 991.482 982.719 982.458 990.532 1005.05 1016.314 1029.141 1032.665 1027.002 1010.603 1000.472 989.609 977.129 961.36 939.773 928.615 921.216 911.132 898.432 876.35 856.018 831.928 798.923 766.068 749.859 750.907 762.461 769.508 772.184 778.671 784.237 787.116 780.925 775.756 762.692 743.735 711.332 697.45 700.084 690.845 694.509 699.75 699.72 689.027 679.804 677.629
990.457 1003.495 1017.521 1025.645 1034.621 1044.53 1053.698 1060.767 1067.699 1074.301 1078.867 1076.974 1075.155 1072.634 1063.465 1055.591 1047.532 1039.387 1036.05 1030.848 1016.096 1003.19 1003.498 1009.876 1020.888 1026.176 1027.511 1024.2 1015.586 994.993 975.068 951.897 926.869 900.992 878.959 870.365 869.182 862.624 855.633 835.318 805.945 784.864 767.578 748.331 736.632 733.47 744.384 749.486 751.595 755.002 760.784 765.716 765.546 758.599 750.155 728.106 700.103 687.152 680.707 685.097 694.486 697.394 696.005 686.262 681.164 680.706
1010.193 1015.609 1020.505 1024.944 1030.143 1039.982 1054.628 1060.967 1066.758 1070.442 1075.491 1077.741 1074.051 1071.833 1065.12 1056.428 1046.736 1037.672 1032.467 1027.983 1020.93 1016.137 1019.121 1026.889 1031.126 1026.767 1018.424 1011.196 997.728 968.91 933.377 894.373 865.228 845.384 824.276 811.676 814.01 814.672 810.728 800.373 769.698 749.032 743.674 735.129 720.86 718.239 721.862 725.934 727.492 729.107 736.046 739.482 743.577 737.066 724.823 706.843 687.92 674.741 676.667 693.478 705.242 697.945 693.531 686.387 684.362 680.572
1009.979 1012.849 1015.709 1022.065 1024.8 1038.465 1050.883 1057.509 1058.633 1061.713 1068.942 1069.203 1065.765 1059.96 1053.001 1045.563 1037.038 1028.997 1021.635 1019.773 1015.784 1016.628 1024.847 1035.308 1036.357 1024.746 1009.833 996.14 975.346 939.514 893.345 849.827 819.877 804.061 785.715 776.589 775.831 779.101 778.176 770.373 746.479 730.728 722.988 720.448 711.903 706.051 704.945 707.958 708.574 707.461 714.837 721.544 729.987 730.226 713.916 693.486 674.901 663.075 677.726 700.734 712.567 704.081 694.727 686.492 685.91 685.209
1002.323 1007.257 1010.442 1017.215 1024.631 1035.571 1043.672 1046.651 1047.737 1049.13 1050.225 1051.442 1049.235 1042.662 1034.776 1029.933 1022.87 1015.336 1007.115 1006.985 1005.267 1006.944 1018.433 1022.156 1026.205 1015.967 1000.208 984.56 960.51 923.247 865.684 828.18 788.935 769.021 753.981 747.018 750.336 753.156 757.25 750.843 731.974 717.243 712.435 712.416 703.777 698.322 695.805 696.94 690.378 679.944 687.493 701.573 718.708 722.796 707.744 683.316 663.363 656.408 674.336 700.313 707.809 701.36 694.871 691.431 687.227 684.462
1004.294 1007.492 1010.764 1015.537 1024.73 1034.156 1037.406 1038.886 1039.045 1037.593 1037.782 1034.643 1031.159 1027.991 1020.699 1014.001 1001.243 988.55 982.302 980.902 981.702 982.408 991.659 998.014 1000.617 992.531 976.94 963.356 939.6 891.871 830.942 792.915 761.426 740.794 729.604 722.639 726.358 725.831 726.966 726.099 715.103 706.839 703.385 701.471 693.618 687.314 683.426 682.895 673.948 663.958 669.788 687.4 715.447 727.038 703.77 672.309 653.982 658.752 679.712 697.045 702.958 699.146 693.038 684.65 681.887 677.463
1009.392 1009.851 1013.506 1019.351 1029.245 1034.004 1035.149 1032.824 1031.353 1031.045 1029.493 1025.888 1020.26 1014.793 1003.867 987.28 964.29 941.479 928.245 921.908 922.263 928.229 946.501 956.375 960.766 957.466 950.838 932.373 904.465 859.674 819.03 784.2 762.929 731.333 707.305 695.265 692.619 696.106 703.955 702.48 702.076 701.032 695.278 694.221 685.809 681.037 674.69 668.902 664.92 657.831 659.542 678.594 705.709 712.989 693.4 659.694 646.495 661.464 687.322 698.382 700.172 699.036 692.839 684.677 679.269 673.305
1012.034 1015.271 1017.561 1023.179 1030.699 1031.231 1029.394 1026.381 1024.448 1023.131 1022.285 1019.087 1012.807 997.032 969.632 939.229 906.976 880.44 865.201 857.886 856.151 873.705 899.229 911.777 927.543 934.978 935.646 906.368 866.935 829.848 797.253 770.685 754.27 721.938 694.695 676.697 671.249 671.116 683.387 691.232 694.533 691.965 687.395 687.642 683.612 677.233 671.694 669.58 668.608 662.248 655.885 668.433 683.27 684.533 666.499 642.364 644.056 669.099 691.287 697.167 694.594 695.13 693.882 685.274 676.641 668.985
1014.542 1019.709 1023.813 1025.741 1024.312 1022.99 1020.751 1016.218 1016.202 1014.665 1014.981 1013.317 1001.221 967.22 924.099 881.694 849.464 828.917 810.51 807.405 809.486 831.13 852.684 861.068 882.682 904.574 908.147 881.96 841.01 801.669 766.378 743.257 724.211 705.183 685.667 666.454 649.159 643.082 664.429 683.459 687.153 686.136 683.037 679.847 679.167 676.584 681.401 685.175 685.756 676.881 656.564 651.611 658.381 654.566 638.742 631.684 647.813 674.702 693.317 695.154 687.152 683.462 681.71 678.851 682.319 679.789
