Peta/tes_3.asc
ncols         300
nrows         300
xllcorner     119.9269289154
yllcorner     -5.2538513964
cellsize      0.00083333333333334
nodata_value  -9999
[rows 116 to 144 of 300, columns 132 to 197 of 300]
521.457 495.597 467.021 435.165 404.74 370.873 341.323 328.852 314.855 297.923 290.321 281.474 281.219 274.913 277.293 277.78 287.683 295.025 288.131 273.482 258.066 241.753 237.974 233.638 233.585 235.536 227.986 228.839 223.144 206.549 198.329 195.615 197.906 196.23 204.338 221.064 242.264 258.045 272.733 272.226 236.158 219.858 245.578 285.756 338.99 373.369 370.686 364.162 371.627 411.993 443.445 443.071 455.761 476.658 501.708 505.276 468.936 430.59 422.837 406.919 374.812 346.325 324.232 312.532 312.602 317.195
536.883 508.234 466.886 428.63 385.533 350.603 319.078 302.662 300.607 308.818 310.549 305.815 304.862 308.066 305.829 301.897 306.062 318.801 314.311 295.082 271.109 261.878 261.11 257.485 263.678 261.72 253.298 249.24 238.319 217.616 204.166 199.431 196.607 207.687 228.644 247.892 262.031 272.415 284.714 277.64 238.411 226.918 253.705 296.834 349.931 386.886 385.229 375.003 389.091 418.74 446.154 459.97 477.362 497.647 508.817 505.021 473 435.557 419.907 411.721 389.989 364.465 335.904 313.281 307.321 312.242
544.37 507.693 465.756 421.81 374.506 339.559 308.242 306.269 321.798 337.689 346.727 350.578 346.245 341.676 340.074 336.132 333.667 338.84 334.497 313.036 292.332 285.209 286.966 292.134 297.17 291.18 274.63 264.687 255.035 237.101 227.742 214.876 205.03 221.529 247.734 265.673 275.011 283.084 292.971 281.743 245.833 237.412 268.774 308.743 359.696 396.356 397.855 391.724 398.017 413.661 434.159 457.77 482.413 506.969 513.439 497.502 468.857 432.294 406.628 390.92 385.867 373.272 340.371 316.185 313.955 323.605
546.568 511.471 471.924 427.61 380.515 339.241 319.78 343.385 365.636 372.194 387.926 394.397 389.305 382.205 379.278 371.181 361.194 351.293 344.479 331.405 319.926 314.24 316.161 318.835 315.661 299.553 285.568 281.567 278.656 258.607 246.284 220.148 202.092 211.999 243.713 268.887 285.125 295.287 294.651 280.073 254.446 254.314 284.393 324.996 372.355 412.941 419.371 413.479 414.323 428.58 445.045 462.045 482.765 503.565 511.263 488.735 448.696 422.261 400.718 373.649 364.849 359.256 333.925 317.268 323.677 337.217
541.016 513.088 474.873 435.1 392.008 347.696 346.881 385.074 421.775 430.723 442.215 449.742 438.469 423.125 412.149 398.016 381.454 365.486 357.461 352.426 344.71 348.542 348.355 347.219 334.913 318.505 310.63 301.615 295.258 280.49 254.039 225.008 204.449 206.884 238.783 268.961 290.738 301.341 295.468 279.095 262.603 271.515 294.191 330.226 374.566 413.564 434.805 438.852 437.839 444.102 462.164 473.999 483.899 499.402 504.059 476.213 433.6 409.553 391.726 368.637 351.422 342.767 320.735 320.358 337.304 353.552
520.313 499.044 466.923 430.489 389.343 360.025 371.672 426.597 472.433 500.977 506.434 494.796 476.967 457.762 439.133 411.37 399.298 387.401 383.621 381.155 377.408 385.728 382.883 381.55 369.995 355.257 341.828 326.184 308.731 285.91 259.09 228.862 205.502 215.221 245.746 272.345 293.706 294.967 287.437 277.193 267.075 280.004 301.172 328.55 368.589 410.987 454.662 470.524 461.705 459.318 483.166 490.816 491.956 498.12 493.505 460.869 435.262 424.339 398.008 369.573 342.292 319.941 311.094 328.598 359.483 381.82
494.531 471.877 444.69 411.217 379.354 393.165 433.27 480.266 529.032 560.642 559.765 544.333 516.095 484.782 454.931 427.932 422.518 419.44 413.363 411.536 408.341 417.321 421.93 426.352 414.017 399.108 377.798 352.204 327.411 296.925 259.765 222.412 208.147 226.201 255.248 279.807 292.17 291.538 293.603 288.18 278.465 285.248 309.038 335.68 372.502 422.518 473.993 500.38 489.92 479.57 497.11 507.686 501.587 500.828 488.389 459.504 453.806 444.514 403.482 366.418 337.487 319.531 317.625 340.685 382.24 413.404
473.33 454.094 425.431 394.604 394.01 432.554 475.572 526.701 576.664 601.151 596.498 582.18 549.717 503.755 469.044 457.059 458.093 458.627 454.268 448.091 446.278 455.394 469.458 473.327 453.122 431.394 398.282 362.92 326.978 288.932 248.099 211.566 216.569 247.579 273.586 287.194 295.017 299.78 309.845 310.906 300.791 297.965 310.606 339.364 372.926 424.945 477.627 509.821 514.358 497.213 508.742 514.625 500.402 486.77 480.559 467.62 459.908 439.958 400.492 366.219 340.474 324.273 325.35 343.309 378.231 414.319
446.736 437.101 414.265 393.384 415.247 459.111 505.125 557.019 607.941 636.749 630.94 596.24 557.105 516.855 493.313 487.404 495.733 503.049 491.537 480.814 483.958 493.795 491.958 481.846 459.06 425.841 391.837 355.932 313.939 271.107 228.238 210.92 234.027 277.877 306.595 321.448 318.285 321.225 327.283 337.904 329.564 315.79 312.087 340.981 381.81 435.429 482.599 522.448 525.52 509.191 512.46 503.427 485.842 468.937 462.04 460.786 449.294 422.54 399.202 368.54 347.906 329.942 339.148 360.802 373.026 398.333
435.836 418.517 402.957 403.762 436.774 491.869 549.18 597.854 643.102 662.068 637.64 594.772 556.331 526.741 520.417 525.243 539.155 542.508 524.823 508.575 498.386 485.213 462.748 440.826 419.559 388.103 361.377 330.552 294.139 248.802 215.635 233.885 269.96 308.39 339.967 354.267 352.083 349.024 348.364 361.258 354.922 335.703 328.652 349.432 393.645 443.043 492.834 526.091 535.873 529.089 516.967 497.819 480.467 467.694 451.639 439.228 424.223 404.497 389.172 368.614 357.283 335.664 339.486 372.347 388.695 389.698
454.247 428.773 414.691 424.77 451.647 500.666 583.247 634.122 670.584 670.782 630.755 585.597 559.2 543.79 548.373 554.924 558.941 545.053 513.329 489.341 471.306 450.387 425.653 401.591 377.554 352.92 327.35 295.593 261.077 225.103 226.563 259.779 296.023 336.88 375.607 395.879 393.304 379.532 369.556 379.556 376.896 359.477 353.245 368.897 406.127 444.551 474.449 507.038 537.49 545.308 525.366 500.045 478.435 470.932 455.951 440.033 413.12 388.682 372.744 357.083 352.909 336.321 336.087 368.035 404.651 411.693
476.597 444.26 440.894 459.87 490.837 524.651 581.268 650.672 681.281 683.344 641.678 602.69 573.913 551.511 546.46 538 524.827 503.4 472.706 451.537 432.709 412.419 397.194 377.672 347.951 323.627 300.378 267.648 223.477 216.557 249.105 290.839 332.069 368.679 411.939 434.445 427.275 404.843 393.38 398.347 398.385 389.076 382.978 385.731 407.885 430.557 463.94 501.47 536.804 556.578 539.923 512.733 492.187 480.976 462.032 435.827 404.07 389.237 380.41 361.711 353.339 342.329 337.249 367.407 407.56 441.27
490.507 466.035 463.332 489.28 515.346 541.654 593.479 655.407 683.505 706.598 666.789 617.764 569.577 535.179 518.336 494.758 479.276 463.094 443.356 421.138 401.682 378.441 362.24 350 325.074 303.208 283.533 246.918 213.703 234.107 275.11 318.526 359.992 400.675 444.563 463.922 457.383 438.594 419.111 416.26 421.926 419.919 409.202 408.445 418.285 436.956 469.742 506.289 539.786 560.538 556.41 533.113 512.839 492.752 465.65 434.41 403.255 389.88 385.782 379.94 371.102 363.166 344.448 358.136 408.935 445.168
490.403 483.398 492.539 509.273 531.622 556.205 592.802 638.486 681.259 706.724 671.931 613.105 567.498 531.731 498.798 467.083 449.142 432.557 415.38 395.795 372.414 352.664 334.941 323.354 311.063 289.545 266.451 233.638 217.332 247.706 288.959 328.845 369.37 415.276 459.711 482.598 477.275 467.651 450.197 446.921 448.772 445.62 434.103 438.483 440.866 453.674 483.031 517.172 547.628 561.265 564.29 546.813 521.813 497.709 471.93 432.098 398.889 383.169 384.177 382.378 372.92 360.626 340.547 351.592 385.202 407.863
501.954 515.471 524.175 532.755 550.698 578.76 612.099 651.526 685.642 707.585 680.441 622.798 582.863 540.255 502.188 471.892 448.838 425.557 399.199 375 349.469 330.806 311.443 297.581 286.305 269.964 247.774 225.462 222.797 250.007 281.876 317.262 356.448 413.349 471.945 499.784 504.445 501.744 495.486 495.162 480.913 471.023 464.019 469.339 466.144 481.453 508.904 538.759 557.81 562.724 549.693 535.345 507.721 477.201 448.346 421.052 392.183 374.653 368.46 364.12 361.265 348.543 336.957 346.479 366.544 383.13
519.216 537.504 551.176 560.854 584.243 607.997 640.394 677.449 709.262 727.449 701.768 657.548 620.769 576.264 538.905 503.764 475.956 452.907 419.275 377.951 343.89 322.49 308.405 293.363 282.822 280.978 259.792 230.039 224.865 252.261 287.895 325.249 370.993 421.877 484.219 525.533 546.412 556.343 552.481 540.583 524.523 508.686 500.819 487.704 482.814 505.532 534.953 557.589 559.38 555.659 544.132 525.284 497.332 458.718 425.815 403.651 386.271 366.755 353.327 347.112 349.305 349.894 352.148 357.392 368.008 386.753
542.738 564.188 579.036 590.266 611.532 641.267 672.986 706.806 739.86 754.497 734.131 705.864 668.816 625.724 582.118 544.627 521.241 490.279 444.225 396.584 365.932 333.871 311.616 298.976 297.766 295.05 268.599 233.821 231.218 262.565 299.434 334.46 389.144 441.437 496.556 542.585 579.602 600.924 594.918 575.382 553.499 538.632 523.976 499.801 500.437 528.357 555.025 564.717 553.952 540.69 525.57 505.171 471.878 435.447 409.107 388.045 372.345 358.427 352.619 360.622 383.16 394.315 385.696 373.56 390.875 419.664
576.153 593.44 607.031 624.345 645.075 674.982 711.449 741.927 764.341 771.237 752.188 715.927 677.723 640.733 600.737 563.244 536.383 498.682 469.845 420.355 383.415 349.804 329.677 320.874 313.506 294.199 272.199 235.752 232.843 265.647 300.197 332.581 388.23 452.652 512.366 563.817 605.128 633.804 626.347 603.693 581.653 565.048 543.557 522.712 523.505 554.806 570.488 571.593 556.407 530.904 507.493 481.749 443.804 419.289 403.066 388.216 374.308 360.397 353.158 364.239 394.6 419.897 418.501 395.9 409.513 436.74
607.922 620.807 634.729 660.605 684.849 714.013 745.574 772.585 775.977 758.366 727.648 689.882 657.721 623.43 581.139 543.888 512.744 487.216 465.687 430.945 398.549 373.705 360.821 336.365 316.281 294.954 272.457 232.9 236.895 265.803 291.689 323.207 378.045 455.312 527.079 587.095 632.228 661.374 653.486 629.687 611.862 592.713 565.606 547.542 552.393 576.822 576.61 567.658 554.693 529.831 491.552 454.454 433.377 446.034 450.317 444.782 418.922 387.136 365.418 365.744 391.626 423.399 432.121 419.947 426.131 446.142
654.028 659.732 669.701 692.672 717.591 741.586 755.948 766.077 762.96 739.395 708.716 672.638 642.446 608.014 577.663 540.059 501.675 471.899 444.239 414.781 388.678 372.332 357.874 335.22 314.864 293.642 267.338 236.495 236.716 265.284 299.981 334.664 382.329 458.136 532.437 603.644 651.529 668.331 661.258 649.639 646.833 626.204 600.046 584.863 585.519 589.079 574.87 560.699 548.767 528.769 494.332 463.561 474.147 513.654 539.816 534.198 487.29 418.645 383.013 367.876 374.605 396.824 424.322 442.949 447.258 459.865
695.785 694.978 697.685 716.131 737.511 741.673 729.302 725.581 725.993 718.982 698.744 670.351 636.875 602.612 572.224 544.026 508.377 480.842 449.488 418.8 389.809 358.935 337.362 316.769 305.785 288.787 260.649 232.812 243.914 276.221 311.347 349.928 395.93 460.386 522.578 590.276 629.797 633.106 635.601 653.782 665.368 652.816 632.141 618.836 606.419 598.275 580.164 564.124 554.411 540.731 519.004 501.636 505.42 535.407 566.418 576.834 565.161 449.556 406.108 383.037 369.668 386.15 412.997 439.544 466.906 485.356
710.958 703.973 693.132 700.263 709.19 707.169 693.601 682.471 679.686 679.677 685.425 671.623 634.632 598.567 571.814 551.105 526.76 510.768 478.337 439.473 398.576 362.437 331.732 309.43 293.21 275.027 246.16 229.264 252.722 282.359 317.284 356.027 400.253 447.58 490.904 549.69 588.823 599.289 615.488 647.742 667.677 665.417 650.959 631.614 621.446 612.763 592.348 575.26 566.678 549.674 537.238 527.193 522.207 536.986 563.775 589.868 595.315 508.812 436.461 396.21 374.597 387.755 406.614 427.95 457.694 479.112
674.709 671.309 666.879 665.274 667.85 668.478 664.087 649.022 643.794 644.365 649.606 644.326 626.355 601.499 583.447 567.661 548.344 527.321 501.193 464.018 422.476 379.476 342.355 315.565 292.122 267.466 241.968 232.769 251.01 280.826 316.873 339.95 387.844 428.478 453.375 498.525 552.856 592.798 623.417 634.583 634.857 632.277 623.181 617.042 624.182 615.295 605.722 586.493 566.077 556.044 546.265 531.531 525.968 533.351 542.933 556.024 559.396 509.193 440.922 389.211 367.951 377.958 393.596 419.816 448.033 469.738
631.088 632.455 633.759 633.451 631.622 631.631 631.206 621.014 613.635 609.119 607.758 602.218 588.469 571.057 560.077 561.04 550.847 523.35 493.432 470.714 439.978 393.505 351.019 323.312 305.083 281.81 253.08 233.658 247.299 284.009 316.147 337.235 378.286 408.719 426.518 459.514 518.894 567.343 589.195 588.068 589.772 588.449 582.905 585.347 613.115 619.942 613.999 592.325 575.31 562.097 548.961 535.205 527.664 521.247 518.433 522.656 528.226 503.982 440.317 385.676 368.297 377.397 396.67 421.472 449.174 473.308
592.64 598.196 600.555 601.754 594.539 596.501 598.266 585.56 576.204 570.671 564.856 560.485 544.98 528.27 528.057 543.998 540.362 511.008 475.986 451.233 433.121 406.164 370.557 334.641 314.021 291.996 266.611 240.249 248.316 284.905 312.624 332.867 356.104 381.162 403.152 424.415 484.95 519.855 536.77 545.497 544.44 539.915 541.681 566.911 611.617 627.21 620.469 604.241 581.425 567.12 548.448 534.419 519.477 508.066 497.097 495.497 484.728 463.2 426.125 386.533 373.7 378.881 399.517 423.928 446.213 475.319
584.941 580.033 571.551 565.7 561.836 565.693 561.653 543.572 533.223 527.272 521.467 518.115 502.917 490.299 497.404 506.751 497.591 479.337 446.895 420.264 406.141 397.431 386.195 363.991 332.36 305.95 286.282 253.21 244.892 266.765 290.94 312.895 331.266 350.529 374 393.04 457.039 483.626 500.22 503.985 496.086 494.283 520.694 558.672 606.046 628.12 629.401 611.198 588.886 566.647 557.527 548.242 525.406 508.53 485.093 466.439 445.923 426.797 408.544 395.664 394.433 392.852 400.447 425.196 447.701 469.158
629.041 606.449 579.336 564.656 553.969 541.062 525.649 511.74 495.929 484.273 476.843 480.289 472.792 465.141 456.231 455.215 448.661 434.913 413.775 392.373 374.506 371.415 385.482 376.475 344.887 313.078 289.31 261.033 238.09 246.94 277.257 304.372 321.243 337.551 367.935 399.798 433.849 466.889 472.664 460.081 451.494 473.616 496.551 534.556 588.745 607.92 619.654 604.371 589.834 558.168 550.117 542.051 521.533 500.855 479.914 464.223 454.71 440.021 433.657 434.672 429.112 412.394 400.4 415.793 443.378 463.818
665.042 645.392 628.216 617.363 595.079 571.158 546.664 519.748 492.887 468.815 449.286 446.603 440.577 432.368 415.642 410.894 402.055 388.886 376.656 362.534 346.452 349.431 364.885 349.269 313.433 283.887 261.954 247.531 237.075 251.357 279.979 304.394 319.563 334.147 361.44 394.64 425.2 443.458 437.511 422.628 426.996 450.951 478.598 521.327 570.414 604.255 618.835 600.61 573.804 551.348 535.386 528.066 514.286 500.481 482.168 487.13 484.923 470.427 468.078 452.285 428.804 406.411 409.758 424.281 443.231 464.204
701.067 689.325 675.831 667.693 661.353 641.896 603.281 553.976 518.275 486.094 466.103 445.803 433.728 416.207 397.319 381.549 366.454 358.985 348.861 337.223 331.17 331.737 335.841 312.938 273.579 266.616 264.028 250.22 239.293 245.056 268.693 291.719 304.449 324.615 352.318 376.968 392.164 404.914 395.994 396.221 416.092 444.41 483.638 523.313 568.798 609.561 619.517 600.868 572.564 548.067 527.041 520.302 510.536 501.931 499.032 502.223 492.63 478.562 469.201 442.721 418.134 413.634 428.235 442.574 447.92 459.909
