Peta/tes_6.asc
ncols         300
nrows         300
xllcorner     119.6769289154
yllcorner     -5.5038513964
cellsize      0.00083333333333334
nodata_value  -9999
[rows 232 to 260 of 300, columns 0 to 65 of 300]
555.489 567.844 593.758 605.122 602.452 605.159 605.374 590.977 562.032 541.811 509.559 477.905 461.958 438.59 418.338 396.801 381.191 367.286 380.913 411.098 432.912 452.894 473.414 497.3 522.43 548.887 576.037 608.148 660.313 734.55 809.582 861.889 879.868 882.898 881.917 882.793 870.047 845.575 827.025 801.992 783.13 764.398 736.103 708.853 664.309 622.448 597.307 576.181 547.79 522.443 502.049 483.451 460.594 440.922 416.91 395.026 376.563 364.823 367.305 375.855 379.504 380.46 378.732 374.539 381.322 389.064
622.727 627.265 643.681 644.094 639.827 650.826 655.63 645.012 631.08 617.161 578.901 546.648 513.518 472.972 442.993 418.711 401.812 383.27 388.066 406.993 428.689 449.753 474.286 497.906 525.1 556.674 586.498 625.133 680.266 744.358 806.093 844.314 850.139 845.399 834.066 822.287 801.308 784.898 769.622 756.201 745.946 730.46 706.464 687.877 655.558 632.898 625.074 609.015 568.632 543.637 527.028 513.001 491.841 462.251 428.487 404.388 381.402 360.098 350.541 351.207 354.93 353.751 356.052 355.348 359.115 368.186
710.304 693.867 683.514 674.993 673.312 681.249 694.266 687.966 673.352 665.095 649.257 623.416 576.585 513.27 469.391 438.685 418.668 404.82 399.898 408.911 427.899 448.514 475.041 507.071 543.305 579.171 611.227 642.788 686.434 743.624 794.179 817.961 824.291 816.508 800.439 777.391 753.625 738.034 719.828 699.873 690.534 693.941 677.778 655.001 641.111 630.681 624.512 624.51 589.038 555.171 536.409 523.715 504.175 474.667 439.705 415.977 397.622 372.937 357.255 347.163 341.587 336.143 338.592 339.805 344.17 352.589
736.447 698.084 667.899 657.756 655.509 654.975 664.681 660.262 636.979 621.861 622.801 640.786 628.765 563.057 500.854 461.892 440.647 431.294 420.779 420.136 434.823 458.255 485.037 522.268 565.931 608.48 643.864 672.572 708.201 752.192 773.67 788.305 792.179 786.874 769.416 738.837 715.304 700.966 676.6 654.879 645.286 646.626 641.317 627.718 622.878 613.455 612.307 627.148 620.882 585.77 554.845 531.743 513.668 488.286 461.638 434.413 416.595 396.791 386.42 375.562 359.681 347.408 337.615 332.518 336.36 340.052
701.775 668.936 635.019 616.506 609.271 599.915 607.88 614.005 588.935 564.385 563.489 601.272 623.174 594.936 540.451 503.927 482.668 459.417 442.536 433.913 444.801 465.717 492.471 526.047 572.128 627.075 668.728 689.088 696.281 707.12 723.399 752.435 762.304 752.826 735.385 710.478 685.839 666.28 647.059 629.615 613.547 609.469 607.881 607.46 609.442 601.442 606.838 628.069 635.591 619.97 594.86 557.376 528.567 499.88 474.824 452.813 438.725 421.252 410.878 403.285 389.084 368.778 347.434 333.299 326.428 328.664
649.12 637.142 609.606 584.397 565.226 552.395 560.12 564.422 540.446 517.552 518.765 564.143 615.022 615.74 571.641 527.611 509.904 487.085 457.847 446.03 456.326 472.044 489.794 515.746 557.555 607.064 636.131 649.478 656.186 662.439 685.188 720.135 730.046 723.182 709.144 682.723 655.966 633.078 617.55 600.407 579.874 578.287 580.233 585.639 597.682 596.078 602.671 616.737 619.99 614.706 596.48 572.527 547.337 519.684 489.885 475.621 466.634 452.107 439.486 433.94 420.685 392.296 361.527 342.409 325.703 319.251
592.208 597.511 595.664 563.786 530.087 514.705 515.771 515.885 497.815 481.79 492.292 528.012 581.006 597.198 560.004 522.58 499.363 479.173 456.491 448.195 454.933 464.005 475.547 504.667 542.335 580.109 594.452 605.071 610.666 619.701 646.002 679.991 687.708 690.332 677.442 651.762 624.003 600.218 589.571 569.666 554.437 554.944 562.029 569.903 583.298 587.949 597.742 600.81 591.587 579.682 561.371 545.09 537.227 530.372 517.017 508.351 497.411 484.702 473.444 461.354 439.2 405.891 377.024 354.357 337.933 325.032
538.933 557.836 580.972 553.722 521.689 492.113 476.904 474.795 463.207 455.987 469.4 493.488 528.827 541.627 523.841 502.561 480.255 458.947 439.594 433.108 437.001 446.267 459.126 488.301 528.022 549.794 549.836 563.965 574.348 591.296 619.224 644.692 646.908 648.404 633.081 614.705 589.966 566.879 551.224 539.608 537.402 551.687 566.951 575.687 579.833 584.935 598.068 595.668 576.162 556.111 537.735 518.5 508.383 505.905 505.696 503.873 501.411 503.369 496.676 484.303 466.966 428.522 399.11 367.753 346.975 331.697
497.521 524.16 556.214 544.779 513.517 481.535 460.187 450.576 441.762 432.721 443.673 457.972 470.266 473.491 480.154 473.345 462.066 442.427 417.265 411.918 420.14 436.5 454.038 481.234 503.516 506.623 510.608 527.44 548.046 572.276 600.849 609.803 602.377 605.186 594.939 583.481 558.958 534.265 517.886 519.5 537.667 565.498 588.433 600.464 594.692 600.283 613.155 602.784 583.967 561.221 541.486 520.546 503.957 492.14 483.505 477.35 475.61 482.701 483.939 483.844 479.755 457.501 414.314 382.355 355.888 340.291
472.357 499.599 527.714 525.156 500.977 471.947 451.418 432.726 420.008 415.973 423.91 431.521 436.576 439.577 440.266 442.455 442.926 424.161 398.013 393.655 403.072 418.315 438.01 456.178 469.008 478.181 491.257 506.606 530.697 555.887 579.394 576.391 560.067 559.382 554.706 551.654 532.571 514.769 503.5 520.341 548.022 578.922 610.808 624.083 611.481 615.052 624.789 614.543 593.55 568.004 547.871 536.347 519.639 502.286 486.074 468.047 451.72 447.701 449.301 449.722 451.251 447.312 427.056 404.093 380.18 357.38
452.171 479.08 507.519 510.764 503.441 477.119 459.852 437.263 414.818 404.871 401.208 406.874 415.517 417.067 417.877 418.067 423.766 419.729 393.336 379.882 382.329 396.731 413.441 429.166 446.78 466.527 487.68 501.244 518.603 541.724 553.556 543.003 525.457 519.266 510.879 511.752 507.932 496.32 498.152 523.348 551.059 578.9 610.053 620.917 616.246 617.184 614.045 602.31 586.461 566.712 544.356 531.999 519.262 508.121 493.715 473.066 446.086 425.902 418.156 416.271 416.184 415.912 411.14 405.164 395.984 374.569
424.719 454.12 475.788 492.464 498.572 485.412 473.424 448.316 419.335 394.799 384.001 392.801 401.16 401.321 395.761 394.555 400.155 410.787 401.289 381.654 371.165 380.04 394.325 413.409 437.815 459.332 475.415 480.753 494.658 511.956 517.138 510.965 493.887 478.239 471.687 475.589 488.456 486.558 497.606 522.665 551.764 585.143 615.655 608.158 597.382 589.819 581.688 573.701 568.361 555.926 543.284 527.458 510.743 500.623 491.179 473.685 452.985 433.075 410.417 396.462 388.586 384.05 386.052 387.392 386.325 378.301
397.042 420.04 445.229 469.587 483.701 483.059 463.27 434.657 405.295 377.376 371.249 384.564 390.098 387.182 378.745 376.403 379.957 392.316 393.017 370.994 359.635 368.217 381.276 404.738 425.337 443.3 446.894 450.422 467.078 482.496 487.468 481.457 464.778 444.015 444.336 454.782 477.596 481.66 499.802 523.599 555.144 584.435 604.004 587.248 565.183 548.479 536.124 533.369 531.089 535.584 537.618 528.812 509.242 493.367 484.459 477.544 466.383 456.379 429.336 397.813 378.446 365.217 366.093 367.021 368.993 364.548
364.063 384.462 411.989 443.784 470.375 469.666 453.344 435.092 411.873 381.192 365.29 373.127 378.274 380.532 377.625 371.794 365.45 368.69 365.43 346.725 343.673 361.811 382.617 393.878 401.693 415.201 414.809 419.969 439.937 456.555 448.296 445.649 439.887 421.444 422.138 432.307 457.981 475.877 505.6 537.388 571.541 598.833 602.594 572.858 544.972 523.463 506.43 497.531 495.691 500.978 509.041 519.139 507.827 483.831 468.777 461.964 462.156 457.847 444.253 418.873 385.437 360.75 346.24 344.71 348.473 344.802
343.579 357.885 383.279 417.145 444.388 446.949 440.141 441.522 422.175 390.744 361.716 355.611 360.214 368.539 372.83 367.517 359.138 346.551 337.45 326.156 332.362 351.205 362.312 366.309 370.698 382.777 383.687 396.536 416.273 415.023 400.207 401.675 408.919 405.629 403.289 426.475 461.74 483.818 513.172 540.779 572.003 608.322 609.392 577.516 542.683 515.489 495.581 477.603 469.123 470.305 473.404 485.685 486.193 467.056 448.661 437.708 439.916 438.977 435.796 421.806 393.282 372.414 348.525 337.876 335.317 333.416
325.038 333.937 361.328 390.32 408.092 415.648 412.235 423.306 422.258 396.313 367.476 348.577 342.445 346.677 351.572 351.402 346.779 332.037 315.874 309.725 318.589 330.05 333.18 334.94 342.933 354.149 360.581 375.414 386.421 376.894 367.897 368.975 379.325 385.491 400.908 437.62 479.339 507.358 531.698 550.538 575.694 611.545 629.073 604.98 564.025 525.534 497.951 467.21 447.842 439.015 435.257 447.943 456.865 447.591 429.182 414.352 413.763 417.25 419.356 415.806 400.747 379.401 354.198 335.349 322.076 318.348
312.473 321.923 340.024 357.242 380.985 383.357 381.592 398.607 413.519 406.099 384.393 361.646 344.142 333.492 332.289 335.568 335.674 322.606 308.122 310.039 313.62 319.203 323.185 324.051 327.076 334.287 341.278 349.481 356.467 353.91 348.539 351.265 362.788 380.374 408.574 441.505 480.815 514.003 547.518 573.138 599.21 627.087 640.201 623.094 583.887 542.741 500.873 461.89 438.097 416.577 409.693 417.303 425.919 428.369 415.832 398.15 386.555 391.109 397.879 396.945 391.172 371.721 347.699 328.394 312.412 309.036
296.531 305.471 316.122 330.261 354.624 358.723 360.858 379.716 403.34 414.49 396.899 371.266 351.738 333.219 322.13 321.438 322.094 311.171 310.329 324.751 331.809 332.49 337.547 333.944 327.672 327.005 331.691 332.001 334.194 338.207 343.668 352.26 371.274 394.943 420.911 450.136 484.935 520.106 561.484 601.043 631.504 646.436 642.437 613.576 567.617 526.804 485.144 450.422 424.849 404.128 394.214 395.26 397.966 400.084 396.168 385.917 370.24 366.05 366.849 366.79 358.481 347.843 330.954 317.388 300.692 293.34
282.375 290.2 301.176 320.485 337.238 345.947 354.793 372.278 394.205 406.033 385.199 358.46 344.478 329.683 317.107 305.944 301.059 299.362 318.463 338.048 349.055 349.746 350.524 342.279 334.51 332.047 339.134 346.212 343.672 341.599 350.477 360.826 380.64 411.799 443.578 473.033 495.221 526.456 578.005 635.185 651.848 642.962 631.051 592.013 545.832 506.554 470.427 437.309 413.039 391.998 377.678 371.037 369.469 371.061 372.052 366.888 360.277 349.293 337.414 332.669 323.631 314.472 307.937 294.791 286.427 282.069
273.409 275.637 286.769 306.282 322.184 337.134 349.574 369.589 389.423 396.894 372.006 347.397 332.656 319.683 308.012 297.143 289.843 297.39 316.106 332.252 338.423 343.241 347.704 350.718 356.804 361.018 363.317 367.244 366.427 362.284 372.106 378.498 390.319 420.709 466.374 499.452 520.506 543.894 590.279 633.919 623.644 600.779 587.96 553.943 513.721 484.509 459.265 432.516 412.215 387.068 365.658 349.706 341.241 341.889 346.92 346.121 342.145 326.461 308.511 301.634 296.335 289.594 284.698 280.287 280.977 284.896
276.163 272.038 274.266 286.198 304.663 321.397 339.342 360.052 381.613 387.777 370.554 348.482 328.997 314.407 300.38 290.428 286.313 292.585 301.788 310.861 317.5 329.199 343.706 359.176 372.761 381.713 384.729 390.279 390.535 389.391 400.277 412.065 417 440.658 480.124 515.216 543.427 570.626 604.971 612.243 577.035 555.741 541.025 510.855 481.564 462.371 450.848 438.243 417.554 388.946 359.955 336.302 319.63 314.154 315.401 317.767 312.91 301.613 286.167 278.264 276.511 277.76 283.777 291.473 299.745 301.002
295.607 278.486 269.007 278.693 293.95 316.296 338.029 360.305 378.863 381.249 365.06 348.584 332.195 315.264 299.689 288.931 284.083 286.944 292.722 301.481 314.819 333.75 355.161 375.682 391.838 400.881 403.114 404.729 408.529 414.388 424.301 438.096 453.083 474.714 506.909 536.807 563.762 590.608 597.628 573.565 542.312 521.9 504.638 481.699 458.563 439.656 425.845 417.557 408.549 389.866 365.411 338.946 313.425 298.267 292.44 289.629 286.625 280.228 272.052 272 278.758 291.819 301.061 314.661 326.677 326.645
306.107 280.619 272.92 286.501 300.837 322.092 344.893 364.193 372.654 366.274 351.113 336.845 329.503 320.767 305.58 290.299 280.383 284.654 297.299 309.449 324.262 343.726 369.891 393.906 418.657 428.687 431.223 430.527 429.785 441.381 452.08 469.163 491.669 515.451 542.803 564.932 586.022 595.347 571.954 541.692 513.27 494.226 476.611 457.643 436.553 418.1 398.933 387.486 386.731 383.095 372.324 345.407 318.791 298.83 284.783 277.183 272.544 272.633 275.674 282.238 288.492 302.339 318.967 339.595 355.684 359.042
298.322 277.142 272.352 284.361 301.6 323.824 344.346 360.157 357.223 346.867 334.216 322.528 316.241 310.92 300.234 286.308 278.432 284.373 296.385 306.897 318.028 338.074 366.808 398.386 431.775 454.092 464.631 459.551 459.662 468.673 483.074 506.147 532.333 555.484 576.76 594.444 601.117 575.272 543.435 517.699 491.465 472.372 455.72 435.26 416.236 399.973 378.817 362.461 355.426 352.311 347.236 332.231 315.403 299.163 285.682 276.459 271.309 283.515 292.984 297.289 297.517 307.111 326.953 350.237 371.83 381.536
276.564 260.778 258.08 277.051 294.592 317.069 331.281 344.014 340.413 329.374 317.677 310.21 304.016 295.569 290.146 281.943 279.534 285.762 296.476 306.83 314.311 327.304 348.739 377.465 413.9 447.096 475.03 486.901 492.284 505.268 516.673 543.485 574.376 595.186 608.13 609.938 590.054 555.491 526.317 505.536 488.016 468.75 448.198 424.805 402.035 385.562 368.797 347.799 331.838 327.331 323.385 313.921 300.528 284.778 272.406 268.204 274.627 288.629 303.082 318.027 324.968 329.168 339.283 352.124 370.886 386.127
251.551 242.414 249.439 277.143 297.08 314.012 327.412 333.03 326.333 316.872 313.77 310.626 304.478 290.494 279.466 275.386 280.875 293.842 307.787 319.72 328.034 337.885 346.542 365.51 392.222 423.681 457.558 491.685 519.651 538.276 554.607 579.803 614.61 637.52 635.935 619.283 584.465 554.508 536.672 522.192 503.895 486.464 462.033 437.539 411.291 387.298 374.1 355.478 335.225 315.22 299.118 289.378 282.499 273.645 266.68 273.395 291.166 303.45 312.352 331.763 353.012 361.185 368.768 376.176 382.109 389.072
237.512 233.778 245.308 270.891 286.589 307.703 326.415 327.667 324.857 324.937 324.698 318.017 311.843 300.791 284.87 275.441 282.042 297.004 311.28 325.67 344.034 359.29 365.791 374.609 387.006 409.912 442.903 482.566 526.283 566.05 596.185 624.635 647.419 652.777 640.542 619.296 600.807 581.443 567.997 552.243 525.365 508.707 483.267 457.492 427.344 401.659 389.279 373.766 346.127 313.449 288.225 274.208 268.761 264.947 269.211 288.355 311.708 329.009 337.818 350.753 375.219 390.902 401.368 411.722 416.507 418.187
232.586 238.192 254.47 275.424 295.61 318.822 341.207 345.517 342.545 339.549 329.669 314.905 303.465 295.613 281.955 274.459 280.517 296.084 314.952 327.588 347.051 370.363 389.016 400.073 413.037 425.856 448.572 478.877 516.304 564.037 615.208 643.44 637.053 622.111 616.994 618.305 618.921 610.608 599.826 581.797 547.207 505.471 468.843 439.909 412.736 396.917 388.159 368.295 334.246 305.632 285.585 272.99 262.939 265.79 278.453 299.626 320.754 342.522 366.232 384.434 396.025 403.555 417.163 435.881 444.812 442.865
231.686 250.378 275.318 297.039 321.582 351.638 369.535 366.737 350.848 333.788 317.747 305.13 297.92 289.749 275.914 269.368 273.912 289.401 303.954 316.502 338.516 360.933 381.721 402.232 420.817 438.726 457.097 483.429 513.279 552.18 602.665 617.177 595.26 574.56 575.619 580.022 582.516 579.338 575.781 567.511 536.521 487.672 454.516 423.01 388.947 369.425 355.053 336.371 311.813 292.688 277.398 264.868 262.416 271.919 287.524 307.188 326.546 347.613 376.669 400.617 410.061 416.052 423.576 431.576 434.912 433.388
