Peta/tes_2.asc
ncols         300
nrows         300
xllcorner     119.6769289154
yllcorner     -5.2538513964
cellsize      0.00083333333333334
nodata_value  -9999
[rows 120 to 149 of 300, columns 198 to 263 of 300]
1364.467 1387.115 1411.63 1408.741 1413.549 1424.651 1424.302 1425.631 1428.807 1417.302 1410.978 1429.688 1447.487 1450.271 1440.125 1424.877 1406.2 1392.66 1377.381 1361.349 1362.799 1381.008 1387.15 1377.886 1357.925 1335.469 1324.672 1315.875 1293.722 1290.555 1300.95 1282.493 1263.119 1234.838 1217.647 1223.679 1234.864 1224.501 1229.86 1241.087 1249.772 1263.813 1267.691 1267.307 1267.465 1269.361 1275.441 1290.311 1287.613 1277.116 1273.312 1266.291 1269.446 1284.451 1291.207 1284.098 1280.661 1287.915 1297.715 1291.514 1284.476 1284.365 1298.47 1303.596 1309.409 1318.142
1356.142 1385.701 1415.646 1412.172 1403.181 1397.658 1392.404 1399.987 1406.332 1402.032 1398.208 1421.954 1436.982 1425.005 1414.469 1406.187 1405.076 1389.164 1367.184 1361.969 1380.857 1402.536 1383.991 1366.399 1351.578 1328.156 1311.203 1290.382 1276.397 1281.255 1300.291 1280.159 1254.202 1227.633 1209.625 1212.671 1209.422 1212.121 1233.132 1248.652 1245.563 1247.446 1250.211 1252.288 1256.193 1259.759 1276.491 1279.47 1273.096 1267.688 1258.636 1255.547 1263.824 1280.034 1282.891 1270.787 1267.212 1276.891 1280.574 1273.274 1270.104 1284.432 1295.422 1291.232 1304.93 1322.126
1349.688 1385.373 1429.284 1434.544 1413.163 1400.783 1385.528 1381.449 1380.046 1377.236 1395.698 1418.453 1430.779 1416.948 1399.544 1388.266 1389.27 1381.582 1364.806 1365.762 1389.135 1406.375 1388.99 1353.732 1323.458 1305.652 1296.187 1283.144 1270.027 1277.539 1293.143 1270.199 1243.397 1223.861 1202.062 1199.402 1209.806 1220.024 1237.971 1242.687 1233.134 1232.049 1232.492 1240.856 1253.358 1254.864 1263.213 1259.866 1254.485 1255.777 1247.948 1247.971 1254.309 1266.556 1266.385 1254.895 1257.395 1268.52 1271.297 1261.542 1259.786 1273.858 1282.11 1288.83 1306.021 1316.087
1385.117 1399.238 1425.956 1444.801 1431.057 1427.855 1406.398 1392.828 1375.984 1367.442 1379.148 1402.08 1425.361 1417.34 1396.785 1379.092 1374.485 1363.778 1352.121 1364.003 1391.742 1401.451 1382.668 1354.375 1316.876 1289.5 1278.291 1275.765 1265.863 1262.045 1271.646 1262.47 1242.125 1227.313 1207.777 1198.694 1215.621 1231.47 1231.702 1226.793 1222.028 1213.722 1220.146 1236.573 1244.188 1244.235 1249.423 1249.109 1243.771 1242.054 1232.252 1234.215 1242.693 1251.141 1254.107 1242.8 1245.047 1251.468 1256.35 1247.401 1250.431 1259.395 1272.981 1291.861 1297.88 1297.714
1440.531 1443.898 1456.952 1455.397 1437.821 1427.034 1413.302 1398.222 1385.822 1365.007 1354.061 1357.834 1407.802 1405.581 1398.146 1385.43 1370.742 1353.246 1350.276 1376.835 1401.621 1397.578 1369.209 1332.229 1297.468 1273.233 1267.417 1263.983 1254.532 1246.102 1256.529 1265.64 1256.516 1235.99 1207.965 1195.184 1213.051 1226.25 1225.006 1212.253 1207.584 1205.498 1218.366 1228.635 1229.891 1233.871 1238.952 1245.183 1241.486 1229.385 1217.325 1219.432 1228.571 1233.075 1234.175 1232.76 1230.602 1233.427 1234.384 1231.955 1244.334 1246.375 1255.222 1272.359 1282.729 1279.01
1476.721 1483.934 1486.586 1463.973 1429.483 1411.332 1401.42 1386.928 1383.05 1366.614 1347.877 1344.2 1355.38 1382.984 1389.179 1382.142 1369.43 1352.028 1351.293 1375.311 1391.99 1378.114 1352.636 1317.536 1288.773 1266.663 1260.015 1252.858 1243.343 1241.71 1257.821 1272.489 1263.919 1240.954 1205.731 1191.229 1209.15 1226.66 1219.882 1208.166 1201.233 1203.917 1213.435 1215.927 1213.285 1217.224 1228.154 1238.254 1241.456 1228.037 1211.955 1207.905 1209.899 1214.581 1219.604 1219.321 1211.084 1218.023 1217.245 1225.169 1232.64 1234.56 1243.585 1255.435 1260.355 1259.818
1458.078 1466.018 1478.973 1472.172 1447.624 1425.694 1404.026 1387.761 1392.658 1391.136 1369.067 1343.666 1335.757 1355.249 1372.024 1376.492 1362.522 1347.168 1344.972 1367.182 1369.915 1345.281 1330.84 1305.172 1279.406 1263.656 1256.237 1253.014 1240.701 1240.822 1260.427 1272.101 1257.829 1228.218 1200.705 1188.315 1207.562 1224.575 1211.599 1205.377 1195.505 1194.619 1201.314 1201.547 1201.882 1209.766 1215.921 1223.318 1231.074 1219.883 1209.79 1199.388 1197.904 1203.206 1209.057 1205.753 1203.941 1212.078 1219.396 1225.337 1226.972 1243.302 1248.348 1241.03 1231.762 1237.788
1426.717 1455.332 1485.41 1467.172 1441.442 1426.551 1415.002 1395.387 1382.569 1383.197 1379.612 1352.268 1330.595 1323.449 1350.35 1369.224 1359.777 1335.862 1348.223 1373.945 1367.09 1337.703 1316.16 1294.424 1275.612 1263.609 1256.151 1242.805 1236.688 1247.121 1259.23 1261.547 1237.135 1212.115 1190.544 1191.582 1215.86 1227.757 1212.45 1198.642 1189.672 1186.317 1191.4 1194.781 1193.955 1198.341 1201.419 1213.873 1226.2 1219.216 1204.512 1193.808 1190.792 1198.037 1208.711 1204.143 1202.118 1216.474 1216.738 1214.796 1229.898 1241.091 1238.222 1227.397 1216.708 1219.663
1418.486 1441.716 1467.353 1456.788 1427.988 1400.991 1400.568 1387.52 1366.065 1364.379 1366.754 1351.264 1324.439 1318.149 1332.414 1338.282 1326.736 1317.399 1342.197 1361.263 1360.988 1340.605 1315.75 1291.443 1271.007 1258.565 1246.288 1227.942 1219.82 1228.868 1243.813 1236.414 1216.336 1193.862 1184.255 1200.318 1212.11 1220.73 1213.134 1200.542 1185.299 1178.414 1181.482 1187.292 1184.322 1187.74 1199.417 1216.745 1221.293 1217.268 1202.611 1187.991 1186.099 1195.322 1205.648 1200.703 1200.375 1207.087 1202.522 1208.77 1217.775 1213.599 1221.222 1213.497 1206.183 1210.007
1403.399 1437.364 1452.839 1456.263 1435.756 1398.118 1378.136 1365.42 1353.514 1342.753 1348.561 1343.205 1318.908 1304.995 1302.041 1298.583 1294.235 1306.881 1355.647 1367.109 1362.297 1341.985 1322.558 1303.473 1274.363 1244.29 1225.711 1214.194 1204.519 1214.072 1220.627 1212.496 1199.949 1182.666 1177.105 1195.137 1205.464 1210.013 1200.149 1192.469 1185.667 1175.632 1176.392 1176.706 1178.56 1190.715 1204.289 1212.061 1205.523 1203.457 1203.172 1190.91 1182.025 1190.104 1194.727 1192.231 1190.104 1191.171 1195.542 1205.042 1201.219 1204.586 1214.014 1207.048 1198.509 1203.219
1408.85 1444.056 1462.51 1465.388 1438.096 1403.044 1371.608 1354.155 1335.419 1325.459 1322.71 1316.613 1318.509 1307.412 1284.575 1270.027 1279.452 1315.222 1368.388 1376.041 1357.201 1341.963 1322.816 1297.42 1265.903 1243.333 1232.24 1217.676 1203.453 1204.867 1210.129 1195.753 1181.579 1175.852 1181.496 1198.859 1210.25 1213.37 1205.183 1190.001 1181.098 1172.528 1169.765 1173.166 1177.673 1186.653 1195.142 1204.896 1202.191 1198.403 1202.346 1192.57 1179.95 1184.065 1182.874 1181.235 1181.398 1192.489 1205.566 1206.286 1194.285 1194.392 1198.496 1196.846 1191.268 1199.792
1408.545 1432.117 1440.887 1446.16 1440.79 1416.494 1393.9 1368.386 1337.613 1321.625 1313.243 1304.049 1315.628 1316.217 1291.43 1268.206 1276.813 1308.421 1351.886 1361.026 1340.338 1321.719 1311.726 1298.434 1278.423 1262.255 1250.945 1225.29 1203.694 1197.16 1206.932 1195.452 1175.689 1180.838 1195.271 1205.427 1204.992 1196.804 1201.359 1194.74 1179.874 1171.083 1166.2 1171.205 1173.745 1181.865 1184.985 1193.647 1193.71 1188.703 1196.095 1198.104 1179.098 1174.258 1175.773 1179.5 1183.424 1191.689 1208.898 1199.389 1189.382 1187.063 1185.986 1183.833 1188.391 1197.892
1372.373 1388.003 1411.695 1438.853 1446.97 1442.554 1416.747 1380.203 1347.625 1334.192 1319.094 1300.042 1297.872 1301.269 1280.166 1253.704 1255.756 1308.69 1337.074 1339.087 1313.258 1299.712 1294.489 1290.76 1283.259 1270.582 1252.838 1226.435 1205.234 1194.895 1189.531 1179.419 1165.777 1178.098 1200.852 1211.698 1201.868 1183.404 1183.866 1183.868 1171.425 1167.919 1162.156 1161.095 1164.917 1171.178 1171.895 1175.649 1179.374 1177.978 1187.995 1196.504 1176.832 1169.146 1169.819 1173.198 1176.442 1180.478 1189.842 1184.97 1179.024 1178.221 1177.136 1179.103 1180.109 1184.193
1351.911 1357.532 1380.202 1408.178 1431.141 1433.877 1413.323 1373.058 1333.532 1308.908 1299.856 1291.056 1272.512 1267.918 1254.085 1237.036 1262.034 1301.168 1331.981 1321.661 1287.016 1273.843 1267.371 1260.295 1255.29 1250.9 1249.256 1238.944 1218.586 1199.432 1180.567 1160.047 1156.945 1174.12 1195.115 1198.923 1188.017 1172.407 1168.38 1171.817 1166.54 1165.244 1161.078 1156.25 1156.597 1159.537 1161.773 1164.587 1170.744 1172.438 1182.005 1186.926 1169.093 1170.278 1170.697 1166.54 1168.492 1173.631 1174.854 1172.24 1171.416 1173.094 1175.832 1182.681 1187.994 1192.731
1330.239 1334.627 1343.331 1391.249 1412.439 1408.003 1386.695 1353.495 1330.544 1295.347 1274.76 1266.932 1252.085 1230.934 1220.607 1235.635 1271.24 1299.1 1312.774 1292.026 1266.866 1247.756 1237.821 1235.18 1227.911 1219.219 1222.286 1228.937 1224.277 1199.511 1166.404 1144.878 1153.424 1172.649 1187.909 1189.819 1176.828 1159.761 1159.989 1161.492 1158.896 1159.678 1160.118 1157.901 1155.86 1153.883 1154.94 1157.51 1162.708 1161.634 1168.273 1169.086 1164.712 1166.515 1166.43 1163.806 1163.145 1164.352 1166.66 1168.85 1173.514 1176.533 1178.827 1184.627 1188.796 1197.907
1313.984 1318.853 1348.237 1392.881 1411.892 1393.574 1366.792 1331.234 1311.575 1280.463 1251.642 1235.768 1225.287 1205.526 1198.159 1225.725 1264.755 1281.977 1287.069 1265.623 1242.684 1225.754 1216.291 1217.043 1207.37 1186.853 1184.762 1195.518 1201.738 1182.63 1147.057 1131.456 1139.1 1159.1 1174.483 1177.266 1166.809 1149.82 1150.578 1151.213 1151.76 1157.599 1154.911 1153.186 1151.987 1150.326 1150.199 1151.059 1154.103 1155.154 1160.247 1160.873 1161.769 1161.385 1161.642 1165.288 1165.286 1162.775 1166.93 1171.239 1177.776 1178.385 1180.882 1190.544 1198.627 1210.584
1299.52 1311.272 1352.732 1403.644 1415.985 1399.116 1367.025 1327.43 1298.371 1274.108 1244.948 1220.593 1200.709 1183.838 1182.645 1203.14 1238.596 1251.606 1253.464 1237.575 1210.312 1198.029 1196.338 1197.026 1189.364 1162.421 1149.269 1155.52 1159.378 1153.946 1145.553 1129.136 1128.596 1145.745 1155.192 1160.207 1157.184 1152.166 1148.798 1145.802 1144.43 1149.147 1152.809 1152.774 1150.688 1150.245 1151.873 1153.457 1153.435 1157.021 1157.458 1158.896 1162.085 1163.946 1167.28 1173.279 1173.675 1166.46 1167.416 1176.956 1185.812 1187.964 1186.77 1196.137 1200.986 1210.979
1301.966 1328.215 1365.756 1406.597 1419.251 1400.035 1370.349 1333.877 1309.84 1292.947 1269.009 1240.196 1200.119 1170.159 1160.69 1169.303 1188.732 1215.291 1224.725 1218.653 1193.733 1173.141 1173.545 1173.936 1161.628 1141.015 1123.502 1126.747 1127.275 1120.436 1120.93 1125.107 1134.043 1146.808 1161.295 1181.963 1181.324 1164.26 1152.967 1148.183 1146.675 1145.575 1148.623 1150.579 1153.38 1153.757 1154.643 1158.727 1157.368 1163.966 1162.332 1161.507 1167.188 1172.958 1175.606 1178.818 1178.653 1172.786 1168.847 1176.802 1187.91 1195.581 1198.864 1207.979 1213.429 1214.638
1291.449 1319.79 1363.351 1401.209 1412.405 1393.876 1366.298 1337.511 1321.561 1300.32 1275.985 1250.144 1210.127 1174.401 1148.258 1132.29 1135.892 1179.601 1197.044 1198.641 1178.626 1160.127 1154.086 1149.96 1130.26 1114.347 1102.31 1105.25 1106.375 1106.828 1117.716 1138.804 1167.797 1175.172 1190.656 1205.715 1187.298 1168.847 1161.364 1153.935 1151.454 1149.395 1152.035 1156.904 1166.413 1167.734 1163.419 1164.909 1164.454 1175.62 1174.667 1167.442 1170.98 1180.047 1184.479 1190.976 1190.712 1179.245 1171.944 1175.559 1187.118 1201.289 1214.064 1222.78 1224.724 1223.187
1284.445 1312.132 1351.18 1388.673 1393.298 1378.959 1356.758 1330.113 1314.239 1292.039 1264.122 1237.293 1212.569 1186.659 1155.39 1120.953 1115.751 1138.578 1165.224 1163.303 1150.844 1134.795 1132.396 1132.872 1107.986 1089.959 1089.117 1097.871 1112.061 1130.435 1146.301 1165.729 1189.994 1197.507 1204.47 1211.547 1190.888 1174.561 1164.768 1163.421 1161.345 1157.599 1158.782 1163.411 1170.066 1178.875 1175.505 1176.389 1174.513 1184.978 1181.889 1175.509 1174.046 1184.896 1196.661 1207.001 1202.745 1192.986 1180.612 1175.183 1183.463 1204.671 1215.06 1222.729 1234.235 1242.296
1295.936 1311.014 1320.164 1354.86 1372.394 1360.24 1342.073 1319.952 1302.57 1278.211 1252.048 1230.173 1198.11 1174.282 1153.811 1129.356 1106.207 1109.96 1122.398 1120.769 1113.114 1106.476 1110.114 1107.656 1091.936 1084.291 1106.797 1132.826 1156.17 1177.601 1195.842 1206.439 1223.182 1232.62 1236.685 1227.702 1192.032 1180.3 1167.453 1167.076 1168.109 1165.662 1169.049 1168.445 1174.396 1191.284 1187.701 1185.264 1183.748 1190.491 1187.016 1185.738 1183.269 1184.141 1189.37 1204.148 1210.505 1207.174 1191.373 1180.75 1181.461 1192.186 1197.949 1209.317 1225.04 1244.695
1272.278 1294.298 1315.321 1349.091 1357.017 1339.735 1323.557 1301.356 1276.089 1248.637 1227.371 1214.012 1181.839 1154.366 1136.05 1121.646 1103.679 1101.876 1101.054 1090.51 1085.028 1082.701 1081.103 1077.71 1080.103 1100.116 1136.726 1162.469 1186.071 1213.812 1242.246 1255.248 1268.427 1278.279 1263.524 1227.429 1188.039 1183.357 1174.484 1173.951 1178.094 1182.095 1184.874 1178.931 1188.25 1211.78 1207.281 1203.546 1203.594 1203.173 1195.945 1199.108 1198.156 1197.689 1196.178 1202.347 1212.988 1209.813 1198.127 1189.618 1183.554 1189.12 1201.715 1215.724 1238.418 1251.223
1240.225 1258.14 1295.564 1332.358 1348.697 1342.541 1316.526 1285.901 1250.342 1221.651 1201.205 1194.123 1177.309 1146.653 1116.978 1099.336 1087.876 1094.141 1090.658 1076.588 1065.016 1055.916 1058.803 1075.601 1098.939 1132.356 1157.762 1189.04 1225.025 1253.698 1277.83 1292.884 1301.121 1302.463 1261.162 1215.196 1191.568 1197.649 1193.103 1193.494 1195.562 1202.98 1198.374 1191.555 1200.246 1222.268 1235.064 1230.723 1226.161 1228.068 1218.065 1218.919 1220.282 1220.124 1213.045 1218.157 1229.178 1217.703 1205.317 1198.948 1189.022 1187.711 1201.836 1222.933 1240.13 1257.578
1232.1 1235.911 1271.217 1314.626 1337.952 1337.042 1310.752 1276.049 1242.162 1214.368 1185.888 1172.424 1161.541 1144.19 1119.994 1091.041 1078.6 1085.281 1072.014 1062.16 1050.776 1045.2 1069.783 1092.383 1116.594 1147.695 1179.768 1208.688 1240.818 1272.33 1294.704 1310.583 1319.957 1315.171 1268.141 1222.906 1206.416 1213.205 1213.056 1216.538 1219.869 1218.912 1214.198 1210.342 1202.479 1215.606 1246.143 1253.674 1244.642 1252.281 1252.612 1249.934 1249.404 1246.659 1235.151 1240.012 1243.914 1231.414 1221.651 1208.105 1197.008 1189.103 1196.291 1216.454 1238.658 1255.406
1247.315 1230.406 1247.896 1293.38 1321.646 1320.946 1313.748 1292.113 1263.363 1233.232 1186.904 1152.074 1128.288 1115.649 1108.598 1085.831 1072.623 1073.691 1054.547 1038.724 1044.25 1061.931 1091.1 1105.69 1122.742 1154.293 1192.463 1229.536 1257.612 1277.917 1299.573 1320.311 1330.83 1320.788 1272.95 1235.948 1219.652 1229.752 1232.887 1236.71 1246.305 1241.588 1233.542 1232.155 1219.568 1225.364 1253.967 1257.638 1240.173 1248.27 1271.933 1276.892 1281.04 1276.297 1263.267 1262.018 1268.46 1252.623 1233.238 1213.229 1204.5 1196.32 1199.316 1219.228 1231.159 1242.471
1242.906 1217.673 1222.734 1260.518 1290.845 1303.788 1314.346 1296.009 1268.887 1238.001 1193.306 1155.968 1114.142 1093.386 1086.59 1072.972 1072.708 1073.926 1048.077 1031.859 1048.553 1084.018 1114 1128.241 1148.211 1170.447 1204.948 1240.255 1269.113 1295.788 1315.248 1331.295 1336.443 1318.23 1272.018 1242.806 1237.291 1245.794 1250.032 1258.37 1272.585 1266.584 1257.556 1254.581 1238.3 1234.276 1241.118 1228.163 1216.468 1242.933 1280.548 1294.386 1289.391 1275.407 1269.914 1270.306 1274.486 1270.866 1248.268 1224.438 1209.62 1208.036 1204.369 1211.63 1223.259 1232.735
1267.447 1229.615 1209.403 1236.734 1279.559 1311.565 1323.531 1298.472 1265.363 1236.474 1207.543 1170.615 1132.069 1101.934 1070.238 1051.626 1050.737 1049.479 1037.238 1028.681 1044.505 1084.996 1122.753 1150.933 1173.446 1185.708 1207.047 1243.376 1275.595 1306.211 1331.738 1348.642 1351.783 1333.13 1291.07 1261.394 1260.741 1275.511 1280.874 1290.288 1298.076 1284.852 1269.556 1249.725 1226.183 1212.943 1215.115 1197.224 1196.441 1228.535 1267.746 1277.609 1276.678 1257.572 1250.114 1256.933 1267.91 1279.493 1259.221 1227.948 1219.4 1218.531 1210.823 1216.523 1227.893 1230.715
1270.657 1225.404 1197.016 1224.606 1274.556 1309.328 1315.958 1287.436 1246.286 1220.812 1202.778 1188.958 1160.625 1124.488 1087.285 1053.699 1034.187 1022.284 1023.107 1037.126 1068.393 1098.661 1133.029 1163.244 1184.898 1198.562 1213.661 1237.06 1263.534 1297.006 1326.787 1355.547 1356.25 1337.359 1305.192 1272.128 1275.932 1301.211 1317.385 1310.524 1296.195 1274.27 1247.42 1224.396 1200.156 1188.228 1191.042 1177.927 1190.802 1211.557 1244.349 1254.499 1248.798 1241.178 1242.835 1247.586 1260.009 1270.16 1264.831 1237.45 1240.007 1232.2 1226.703 1228.796 1238.201 1239.585
1250.877 1207.409 1177.334 1205.755 1258.609 1293.848 1301.759 1284.039 1242.925 1206.926 1178.669 1171.982 1163.974 1134.878 1091.382 1057.241 1034.21 1016.548 1019.608 1056.99 1085.156 1108.455 1132.888 1160.9 1189.52 1212.229 1227.2 1245.379 1263.411 1294.51 1333.123 1349.381 1335.861 1319.52 1291.759 1256.942 1255.074 1300.32 1314.018 1303.926 1284.318 1262.735 1231.851 1202.311 1179.435 1168.604 1167.877 1151.883 1156.945 1181.143 1217.565 1232.809 1230.133 1232.04 1234.141 1245.132 1259.879 1271.645 1273.409 1258.22 1263.958 1244.888 1242.1 1249.659 1256.914 1257.124
1218.88 1191.687 1155.471 1173.082 1228.333 1276.746 1292.023 1280.117 1245.854 1205.969 1170.808 1144.352 1128.294 1123.651 1089.456 1053.161 1022.924 1005.181 1014.127 1070.662 1100.55 1118.19 1139.528 1165.074 1201.228 1229.2 1241.002 1260.604 1279.429 1302.799 1333.908 1337.904 1315.451 1286.542 1259.306 1238.647 1239.436 1255.422 1277.154 1280.401 1269.089 1239.272 1201.275 1172.637 1159.696 1152.708 1145.056 1128.407 1132.968 1150.82 1184.664 1218.386 1234.878 1243.758 1245.642 1261.835 1277.244 1288.878 1285.468 1288.212 1288.109 1267.805 1261.811 1277.093 1274.242 1258.82
