Peta/tes_3.asc
ncols         300
nrows         300
xllcorner     119.9269289154
yllcorner     -5.2538513964
cellsize      0.00083333333333334
nodata_value  -9999
[rows 232 to 260 of 300, columns 132 to 197 of 300]
667.17 698.505 737.453 764.734 788.237 793.979 778.024 762.337 738.447 693.36 683.485 718.273 753.107 786.008 815.228 850.932 940.529 986.427 1004.013 1001.922 991.197 950.709 916.047 897.661 879.497 828.179 771.858 722.38 676.164 644.296 638.842 640.223 635.738 632.418 640.375 673.693 678.244 646.398 606.665 575.998 550.507 529.717 506.499 475.587 452.675 431.643 403.455 386.093 369.867 356.035 334.507 287.485 260.099 271.756 292.313 296.477 291.656 289.314 297.696 299.069 304.22 324.179 342.693 343.254 346.655 350.581
688.885 715.641 748.701 781.148 810.052 820.483 797.579 769.605 738.699 707.877 701.901 729.452 762.32 794.835 820.608 857.489 920.572 991.387 1010.115 1006.813 990.018 949.935 910.077 874.539 835.818 771.929 720.278 685.249 658.134 650.444 660.081 668.026 671.129 665.923 668.637 688.771 670.966 633.017 604.55 585.511 575.731 558.666 529.667 495.047 467.406 440.18 424.17 418.032 398 368.215 323.029 278.745 273.635 290.811 316.464 325.183 321.444 322.129 328.144 324.733 332.013 346.946 366.92 377.126 370.32 351.653
720.889 746.416 770.138 799.375 840.405 850.074 811.339 777.669 753.712 726.932 717.851 737.042 766.749 801.696 830.323 863.891 922.032 991.775 1009.239 995.664 969.028 940.693 898.414 846.475 802.623 749.44 696.835 672.44 674.111 682.154 689.978 695.492 699.283 700.748 699.087 689.062 656.852 620.892 594.116 576.933 571.758 555.437 526.154 495.454 469.632 451.792 443.238 433.767 395.492 349.717 302.427 288.053 299.109 314.53 337.985 356.001 356.39 358.532 358.042 355.028 364.575 380.123 396.639 397.303 386.599 365.116
764.758 785.409 807.152 827.667 861.68 870.296 832.878 807.803 781.579 756.38 737.047 744.715 777.067 812.171 846.012 865.144 913.556 962.363 976.017 958.078 932.662 908.232 860.533 817.379 790.229 753.688 706.333 690.334 713.588 734.514 729.661 725.54 725.332 724.821 724.345 691.697 650.551 614.879 583.672 555.944 536.891 521.679 502.234 476.138 452.627 439.472 444.865 425.591 370.573 327.57 303.344 313.099 329.335 348.598 369.092 388.59 388.381 391.614 389.485 390.201 403.159 418.408 412.813 396.054 373.94 358.887
802.115 830.591 849.267 864.303 886.785 892.328 864.949 834.344 797.138 778.211 759.667 758.102 786.067 818.012 848.713 878.69 910.112 930.402 931.967 915.6 890.802 860.018 829.435 798.132 778.837 747.562 714.305 723.643 761.255 782.762 770.908 760.584 760.46 747.211 722.062 679.749 646.029 610.742 576.422 541.331 513.795 497.933 481.561 454.169 432.66 419.662 423.987 401.395 360.057 324.146 314.041 330.504 348.593 373.709 398.857 420.155 423.82 421.861 419.693 424.605 433.795 430.343 406.948 380.202 356.628 338.874
808.813 847.139 871.995 893.267 917.608 914.776 891.896 857.948 821.16 806.054 784.444 777.946 803.858 828.259 855.736 890.96 915.41 919.142 909.039 886.904 854.209 822.445 802.611 783.696 769.631 741.971 729.252 755.747 799.247 817.936 808.562 795.825 786.835 750.876 709.524 672.055 633.611 602.45 569.916 534.092 506.796 486.86 469.141 443.785 425.603 409.295 398.672 381.465 349.991 335.631 338.582 353.001 371.83 395.908 419.006 436.751 451.022 449.493 445.824 446.748 441.316 426.548 399.066 373.062 350.886 325.383
786.981 830.148 866.26 897.336 918.107 926.009 906.238 875.504 845.845 830.587 802.057 785.786 810.864 844.103 883.131 924.032 940.513 933.49 907.409 879.848 839.238 808.261 793.578 785.321 773.958 753.729 757.774 794.591 821.871 815.295 798.153 781.905 765.017 733.692 700.168 666.699 624.226 600.716 569.128 542.266 509.513 483.37 461.869 440.593 427.789 405.193 379.329 359.032 345.282 354.543 367.95 385.979 401.842 419.925 439.794 454.43 471.096 470.249 464.434 457.737 443.748 429.767 398.196 366.098 345.138 328.672
764.811 812.068 846.693 874.439 899.244 916.592 902.086 883.376 862.081 842.304 817.931 805.75 823.708 849.776 889.024 922.143 928.95 913.411 884.729 857.107 833.411 830.152 825.635 816.49 801.358 791.119 802.83 827.484 823.909 802.326 776.99 753.624 733.33 715.728 696.044 671.034 632.897 603.977 574.066 546.089 511.159 482.587 460.941 437.392 418.951 399.285 375.745 357.757 359.659 379.627 402.233 422.893 439.979 456.164 475.368 485.89 491.934 487.787 481.524 470.074 452.336 434.169 409.651 389.255 366.674 344.702
743.735 787.205 820.761 856.908 892.739 913.206 905.106 880.068 861.739 847.626 833.577 830.005 850.854 874.482 906.005 918.853 911.305 891.819 875.237 860.671 864.393 871.801 884.616 884.398 858.862 844.564 852.078 864.68 837.247 810 780.505 750.333 717.391 695.207 679.457 678.728 647.696 606.615 575.274 540.851 511.949 480.608 454.881 429.306 409.349 389.57 377.573 377.599 389.937 411.5 436.473 458.902 478.313 490.954 501.515 505.708 506.059 492.19 483.025 473.011 462.979 446.978 423.37 402.439 377.95 365.039
746.605 778.009 810.959 832.258 872.192 912.76 928.727 899.414 870.937 856.519 849.42 859.072 887.194 912.985 927.652 923.891 912.336 897.467 879.729 891.724 912.231 906.125 896.659 884.612 873.645 888.399 900.429 893.058 851.153 820.121 786.925 748.955 705.116 671.124 653.186 653.728 632.245 596.411 565.486 539.161 509.871 477.485 450.008 425.972 405.562 397.521 398.867 408.878 426.214 443.716 463.223 483.028 502.15 521.662 522.793 515.542 500.489 478.157 471.134 458.512 452.256 442.059 426.751 407.86 387.416 387.644
774.971 803.533 830.215 848.987 880.589 922.405 948.069 924.279 889.242 869.558 874.578 893.925 919.827 944.536 943.835 922.288 905.815 899.166 889.368 902.706 921.1 911.191 891.836 886.955 892.392 907.539 924.358 908.167 860.065 821.725 782.298 739.252 695.601 659.295 635.57 622.491 607.394 580.907 549.983 525.329 495.888 470.397 443.686 428.739 431.938 433.757 435.021 442.212 456.526 474.304 487.882 504.765 529.459 547.376 534.883 511.615 490.412 469.801 460.012 447.268 427.768 422.41 419.423 407.978 396.948 403.382
805.532 829.604 856.008 881.998 908.963 943.295 963.643 937.942 902.141 890.13 907.849 925.327 941.312 940.628 931.671 911.347 904.483 895.613 898.386 918.518 925.653 900.101 891.845 903.679 910.698 925.207 932.516 900.039 857.881 817.317 769.822 726.711 690.183 657.862 633.262 612.507 589.719 561.88 534.337 509.636 481.124 460.276 440.746 434.104 454.107 468.805 469.331 473.903 485.724 497.851 506.691 521.751 546.45 556.907 537.98 512.505 493.209 475.036 451.704 429.56 410.076 400.337 394.251 398.276 394.228 390.917
829.986 859.065 887.541 917.791 946.672 962.565 964.199 933.86 907.275 917.952 940.573 945.784 940.492 927.223 911.635 903.226 903.109 899.909 913.588 926.555 916.236 894.198 905.63 906.769 897.702 905.778 897.627 874.553 846.381 815.734 780.35 734.723 689.814 657.487 631.768 609.542 584.152 551.073 521.029 495.686 469.863 451.652 448.159 459.344 477.327 487.034 492.201 504.661 518.805 524.183 525.943 535.216 548.709 543.78 529.928 508.827 485.202 463.488 437.242 411.98 392.109 382.767 372.87 375.946 375.957 370.097
830.264 869.096 903.794 932.529 961.43 971.843 960.658 937.398 934.093 950.848 963.985 955.83 944.011 931.862 924.683 914.089 908.195 901.062 911.872 924.513 912.987 904.171 913.306 882.51 852.454 846.636 848.324 837.637 825.018 815.272 782.601 732.576 691.923 657.2 620.838 597.127 570.477 539.716 510.174 488.964 465.76 458.422 471.816 489.314 494.531 505.75 516.628 531.978 545.959 545.34 540.198 530.544 528.378 520.268 512.83 496.176 474.438 445.45 421.261 404.208 388.435 366.574 355.966 348.133 347.927 344.02
810.074 851.334 877.217 905.557 958.632 978.146 969.079 974.017 967.899 965.226 965.339 957.762 951.08 944.651 941.67 932.939 917.71 900.375 904.934 924.001 920.601 907.03 900.783 856.699 824.994 813.821 809.967 800.449 790.898 786.546 761.386 715.047 680.938 647.788 619.202 588.731 559.248 531.162 502.555 491.501 490.544 496.027 510.345 512.625 504.637 521.376 542.68 561.865 564.883 545.125 520.722 503.47 498.45 496.536 492.418 477.787 459.194 429.173 405.737 390.073 382.306 362.071 346.844 333.06 321.563 318.854
798.597 833.451 857.529 890.03 935.2 975.04 985.16 985.91 968.913 957.911 952.93 948.292 959.233 959.677 938.003 919.701 902.648 899.965 918.182 946.94 945.013 928.617 911.781 863.323 820.113 803.255 798.379 788.993 772.535 763.478 742.415 703.786 668.123 636.205 616.756 599.29 567.073 533.685 512.092 509.861 530.125 536.631 533.403 525.271 512.902 532.88 559.097 570.454 556.963 533.387 501.082 477.588 467.079 466.374 470.629 464.92 443.225 420.511 396.338 378.027 373.189 362.824 347.819 333.534 309.681 293.04
804.806 822.734 847.382 886.539 936.89 981.653 990.566 973.47 953.438 943.975 939.08 936.918 943.482 944.23 918.653 915.485 912.719 916.427 942.999 974.981 971.374 959.342 927.191 866.981 819.702 804.297 796.13 787.224 773.793 752.9 725.98 692.801 657.502 628.925 606.696 591.653 570.647 547.272 532.637 540.891 560.11 556.9 552.494 534.412 524.343 540.816 552.246 548.237 535.638 514.328 488.866 460.717 442.376 445.53 449.801 449.423 436.751 414.668 387.957 369.643 357.192 343.24 329.666 308.885 278.217 259.815
829.842 837.306 860.175 900.487 956.128 983.485 981.478 961.926 943.711 935.089 935.349 941.709 934.433 929.86 916.992 928.684 928.9 937.524 967.444 997.764 987.58 966.035 922.821 876.211 833.181 810.3 787.859 774.49 769.193 748.088 710.931 673.589 640.209 613.464 597.929 593.403 588.045 575.147 559.314 567.81 585.485 583.924 565.282 552.954 541.497 544.328 541.194 528.119 513.78 492.207 472.022 448.026 430.652 429.023 423.309 425.004 418.947 402.095 386.373 368.426 345.045 324.353 306.846 277.91 256.81 259.111
860.364 873.239 896.669 938.379 976.544 986.753 969.61 951.466 939.287 941.083 954.276 959.622 947.283 929.363 931.043 939.732 946.613 972.312 1002.719 1007.045 978.329 942.718 903.781 869.729 839.513 809.101 776.847 756.316 743.961 721.333 695.79 663.725 630.056 613.202 609.974 615.51 612.023 590.666 577.61 594.011 616.599 614.489 593.087 578.469 562.627 560.54 554.267 534.784 511.652 488.249 464.874 444.984 429.858 413.291 400.88 400.308 403.715 401.569 394.405 375.678 343.341 309.196 282.551 262.09 264.654 283.78
885.884 917.976 949.453 983.445 996.921 980.691 959.009 944.726 940.026 952.94 969.533 977.264 961.494 946.56 950.153 961.004 977.286 1007.675 1008.442 973.492 938.023 909.504 880.911 856.799 830.736 791.56 760.333 749.659 737.872 712.574 682.727 660.874 649.927 643.29 640.843 639.648 635.67 614.96 599.953 619.346 645.301 639.089 619.58 604.188 591.754 596.574 585.46 558.524 531.973 516.207 491.932 464.085 440.239 415.732 394.511 390.552 390.348 384.011 376.06 368.757 341.128 301.244 268.359 264.308 285.572 307.214
909.038 956.718 994.457 1001.335 989.39 975.748 957.688 941.589 943.106 954.691 974.707 992.977 990.049 981.177 982.239 993.711 1014.988 1017.175 983.913 946.61 912.303 884.011 862.29 844.757 821.166 784.285 762.056 767.23 751.589 717.662 685.881 684.12 685.392 678.979 671.318 661.484 657.34 635.434 620.89 642.469 659.836 650.797 632.625 621.288 620.643 619.886 603.561 578.917 553.976 528.641 498.25 463.779 439.642 415.981 398.974 389.387 374.92 360.988 350.577 346.569 329.474 289.717 266.48 282.608 305.794 331.537
941.819 981.381 998.004 990.608 979.314 969.713 951.407 944.872 951.061 963.202 986.295 1002.605 1020.588 1028.133 1026.349 1017.061 1009.223 990.88 955.582 921.53 895.84 880.101 865.177 844.923 821.765 799.377 790.489 794.605 766.813 726.204 703.051 720.609 735.457 724.927 705.437 684.775 672.922 653.892 640.319 643.065 641.464 644.203 635.389 615.704 608.382 605.875 591.809 569.346 546.206 513.81 485.695 457.428 436.245 412.963 399.627 394.072 381.743 365.471 344.344 326.929 303.668 276.5 284.167 307.129 330.726 358.184
972.52 1003.305 995.525 978.71 976.964 968.427 949.067 946.534 956.116 967.818 985.914 1002.867 1030.576 1046.065 1032.515 992.578 964.378 944.048 929.647 907.202 888.905 869.583 863.474 855.472 849.587 830.294 822.646 820.298 777.942 737.693 728.846 755.489 779.867 765.708 736.008 707.923 683.42 660.28 640.362 624.281 610.046 610.135 603.294 581.631 567.511 568.194 563.522 544.885 522.483 499.433 481.494 456.709 433.836 415.987 403.912 389.974 379.455 366.055 345.47 320.008 284.584 275.669 298.432 327.736 354.681 380.115
987.294 993.774 979.589 968.202 964.95 958.378 949.125 952.848 966.701 971.513 977.495 992.94 1011.229 1025.147 1013.321 971.065 934.969 915.661 906.16 893.67 878.131 860.783 848.667 843.216 843.347 830.964 827.222 801.884 770.259 748.453 754.673 791.627 818.794 794.7 754.421 716.689 685.913 655.827 627.809 607.549 585.697 572.088 566.305 548.269 536.109 535.926 539.47 526.638 508.257 491.724 477.431 450.397 432.513 422.18 405.404 386.399 364.751 352.504 337.937 312.233 281.336 283.717 312.257 344.61 374.713 407.203
997.997 995.329 983.518 978.856 967.414 970.175 960.06 961.961 984.359 988.688 980.438 983.776 1003.477 1014.876 986.603 947.809 922.61 899.18 887.961 877.667 863.041 853.151 838.004 825.426 826.489 834.672 823.132 792.169 773.374 763.212 784.139 827.071 844.484 806.867 761.592 725.409 699.087 666.682 639.099 614.931 583.73 553.79 533.557 510.871 498.81 510.817 516.687 507.797 498.98 490.632 484.389 464.186 445.305 432.341 412.819 392.385 364.274 343.489 322.334 296.694 282.164 295.539 329.638 359.582 393.009 421.121
1016.934 1010.514 999.949 997.068 988.207 975.472 963.427 969.373 994.034 1005.559 993.15 999.025 1023.491 1014.793 972.631 935.857 911.886 890.651 877.274 861.888 849.599 836.798 822.861 820.009 835.915 842.088 829.197 815.805 805.608 794.698 818.213 854.467 850.617 811.686 770.584 744.502 722.063 678.183 635.941 605.36 580.352 555.506 517.077 479.861 472.981 485.482 493.918 499.76 505.77 504.936 500.633 477.261 446.988 425.606 409.009 387.822 366.252 337.631 304.024 285.118 286.92 310.273 343.243 380.629 420.358 446.346
1025.926 1025.646 1012.455 1010.237 991.448 970.316 964.144 978.756 1004.115 1006.194 992.779 1010.761 1031.977 1005.361 966.963 931.865 909.733 893.725 878.363 861.344 852.22 839.074 825.563 833.872 862.474 872.976 871.214 874.534 866.146 840.941 849.394 852.484 833.26 799.958 765.66 736.526 705.462 669.38 632.431 606.253 585.58 555.011 512.736 472.955 451.348 456.829 470.907 481.603 494.219 504.607 499.26 473.555 441.745 412.546 392.937 369.509 351.072 328.053 293.688 279.332 293.869 322.406 357.086 400.966 448.65 468.375
1014.746 1033.299 1036.411 1016.18 987.156 972.251 969.987 994.098 1013.375 998.986 990.211 1004.275 1000.625 974.135 946.245 925.157 904.185 887.092 873.744 861.395 851.292 835.544 832.149 850.223 887.928 911.906 928.142 935.769 900.529 861.308 846.69 821.241 787.728 755.263 726.241 704.378 676.557 659.049 638.985 611.816 582.744 545.542 506.619 464.66 432.613 433.359 457.49 469.372 476.92 489.513 492.166 483.209 442.441 406.965 377.672 353.352 334.774 315.239 284.829 282.793 310.813 344.578 376.944 419.322 468.527 483.654
977.728 1014.897 1036.559 1010.322 990.45 975.545 982.329 1006.984 1014.427 999.196 988.052 974.746 955.699 936.27 921.575 917.397 904.186 893.717 872.33 860.46 847.671 837.577 840.726 860.888 903.169 948.308 970.977 947.296 895.245 855.036 819.888 787.797 757.507 725.974 688.51 667.9 643.662 633.458 619.795 598.591 558.646 522.648 491.055 458.824 431.6 425.049 446.752 459.825 463.303 466.855 467.795 463.888 435.533 401.218 374.964 347.769 324.805 303.466 281.375 293.421 319.215 350.432 376.756 420.829 475.776 489.438
