Peta/tes_7.asc
ncols         300
nrows         300
xllcorner     119.9269289154
yllcorner     -5.5038513964
cellsize      0.00083333333333334
nodata_value  -9999
[rows 116 to 144 of 300, columns 0 to 65 of 300]
2542.761 2585.091 2618.699 2651.68 2685.326 2709.81 2725.147 2735.407 2737.845 2743.799 2692.818 2625.932 2532.734 2460.806 2413.708 2394.908 2386.255 2362.049 2331.489 2310.268 2287.856 2270.5 2262.502 2267.335 2273.866 2276.592 2202.234 2172.939 2179.652 2188.137 2176.751 2161.547 2139.205 2103.934 2100.754 2115.239 2139.214 2180.434 2196.047 2211.851 2229.516 2239.723 2223.923 2197.332 2168.738 2149.865 2154.667 2175.591 2213.852 2282.189 2362.339 2386.515 2392.513 2413.702 2435.521 2412.532 2367.446 2342.11 2332.159 2330.03 2317.636 2295.386 2258.225 2211.342 2157.747 2128.326
2557.576 2585.587 2599.829 2619.113 2648.942 2676.016 2697.507 2718.688 2734.949 2743.771 2696.585 2630.084 2551.741 2479.637 2459.499 2465.052 2453.808 2422.2 2390.327 2359.369 2322.965 2309.734 2315.702 2333.618 2348.956 2344.637 2306.671 2264.236 2249.29 2252.043 2241.846 2215.263 2191.134 2182.952 2189.999 2215.223 2238.596 2271.424 2295.51 2314.799 2336.617 2347.585 2321.109 2270.331 2244.912 2225.917 2249.969 2279.344 2314.174 2365.918 2419.99 2445.557 2460.98 2467.75 2456.484 2409.519 2350.666 2309.129 2291.623 2289.311 2283.019 2267.855 2247.742 2212.648 2170.161 2145.489
2581.871 2588.173 2559.103 2576.24 2607.06 2640.629 2673.797 2705.857 2730.901 2739.401 2732.33 2691.638 2605.233 2536.224 2542.224 2570.574 2581.921 2515.599 2433.523 2402.698 2379.92 2379.451 2400.78 2437.531 2447.082 2426.901 2399.084 2370.039 2334.705 2327.399 2319.41 2297.837 2282.106 2292.707 2302.225 2326.589 2341.853 2360.608 2371.033 2380.398 2396.762 2385.135 2336.573 2285.342 2266.764 2263.471 2317.784 2362.774 2386.13 2428.186 2466.201 2487.768 2483.125 2454.657 2429.472 2387.208 2338.111 2291.409 2264.085 2259.32 2255.421 2235.631 2207.936 2162.227 2132.458 2115.636
2583.864 2535.343 2499.495 2529.892 2565.276 2606.567 2654.136 2693.607 2721.343 2743.466 2770.483 2732.794 2674.421 2616.945 2621.544 2651.335 2663.659 2625.298 2519.012 2463.425 2454.254 2474.652 2507.152 2536.883 2548.537 2537.983 2510.802 2468.885 2427.191 2409.3 2412.158 2404.172 2397.212 2397.349 2403.351 2429.388 2421.645 2372.408 2350.106 2354.216 2363.908 2350.958 2324.347 2282.507 2257.468 2273.693 2321.018 2374.443 2415.946 2446.022 2466.749 2474.577 2467.233 2430.886 2397.332 2367.458 2334.713 2297.434 2252.912 2231.612 2231.178 2212.087 2175.712 2118.87 2083.484 2072.29
2537.345 2472.845 2451.449 2490.128 2528.765 2577.673 2636.359 2672.034 2686.849 2714.293 2790.329 2776.885 2730.344 2671.539 2662.939 2665.765 2669.659 2666.76 2639.3 2608.328 2549.282 2559.218 2596.77 2628.586 2637.548 2623.234 2602.158 2566.825 2533.092 2511.093 2506.596 2499.824 2485.45 2474.288 2471.814 2464.034 2433.911 2341.152 2296.099 2304.07 2315.552 2318.885 2306.547 2269.425 2248.567 2268.503 2312.333 2362.467 2408.021 2444.382 2454.174 2454.248 2440.411 2418.961 2403.678 2374.676 2339.406 2305.088 2256.822 2214.443 2196.906 2180.354 2156.828 2105.541 2053.123 2034.009
2471.908 2423.052 2436.035 2465.744 2500.842 2554.677 2615.512 2631.784 2616.994 2639.22 2707.956 2781.081 2769.678 2730.351 2690.354 2665.284 2652.425 2648.801 2641.305 2635.688 2627.197 2637.462 2658.265 2661.511 2653.785 2645.553 2634.595 2622.944 2603.446 2568.054 2538.869 2513.527 2480.574 2459.058 2449.941 2445.17 2411.197 2314.708 2274.555 2276.155 2287.425 2289.578 2290.487 2270.989 2259.858 2275.161 2306.518 2353.987 2400.36 2427.145 2428.909 2424.646 2422.389 2406.896 2393.582 2368.519 2339.719 2294.757 2253.934 2226.27 2204.098 2187.607 2170.119 2136.238 2069.499 2017.808
2414.348 2393.734 2411.118 2444.449 2481.168 2534.053 2591.975 2590.57 2545.044 2558.718 2645.282 2735.765 2788.427 2756.572 2700.471 2668.172 2644.302 2630.362 2622.169 2622.247 2630.122 2648.127 2653.97 2642.922 2631.234 2621.957 2612.486 2609.271 2602.115 2565.945 2511.457 2467.976 2439.011 2415.304 2399.812 2398.368 2368.861 2298.989 2266.913 2258.843 2265.62 2264.374 2258.523 2258.194 2256.262 2275.48 2280.601 2325.748 2362.508 2379.518 2377.562 2401.557 2399.179 2383.71 2364.417 2343.326 2308.752 2260.905 2231.821 2223.955 2209.33 2185.116 2158.664 2125.146 2070.334 2017.771
2367.572 2369.356 2391.198 2428.026 2465.933 2515.154 2573.748 2582.489 2540.521 2546.753 2626.538 2715.832 2765.027 2742.189 2696.685 2668.953 2650.576 2621.712 2605.127 2596.382 2596.907 2612.842 2623.37 2625.545 2617.002 2603.208 2588.317 2584.439 2580.136 2549.748 2490.781 2436.954 2400.694 2368.366 2351.613 2350.223 2337.386 2302.739 2268.029 2243.401 2223.299 2203.628 2186.443 2172.871 2162.291 2244.369 2177.324 2164.239 2183.058 2205.854 2232.436 2352.126 2357.726 2346.864 2329.688 2306.052 2262.58 2229.574 2207.702 2199.597 2190.558 2162.669 2124.889 2084.106 2044.487 2001.665
2322.533 2338.663 2370.947 2414.301 2456.854 2499.859 2556.468 2596.512 2596.202 2607.016 2657.934 2722.6 2763.749 2739.389 2695.523 2667.167 2653.737 2628.816 2591.792 2572.357 2561.852 2569.858 2589.367 2604.691 2607.271 2598.51 2578.6 2563.963 2551.089 2535.773 2493.689 2434.875 2373.745 2328.81 2302.537 2283.137 2282.355 2286.44 2261.877 2217.408 2172.24 2162.823 2143.579 2134.748 2107.47 2092.721 2102.672 2118.028 2134.634 2151.01 2177.96 2197.461 2214.887 2298.182 2297.947 2270.908 2235.341 2207.026 2178.751 2164.609 2154.675 2127.411 2083.634 2050.976 2019.51 1981.491
2283.279 2310.917 2354.839 2404.372 2453.233 2493.48 2539.826 2591.747 2627.988 2654.358 2689.44 2730.918 2768.86 2749.886 2695.619 2669.073 2665.28 2637.831 2583.208 2548.556 2532.085 2538.728 2565.744 2589.625 2600.273 2594.926 2575.854 2549.177 2527.138 2510.181 2485.406 2436.334 2369.892 2322.511 2291.421 2266.999 2253.316 2248.882 2228.997 2189.651 2145.891 2103.763 2065.236 2087.013 2066.106 2054.993 2052.26 2060.365 2081.622 2094.69 2117.319 2138.397 2164.929 2254.704 2263.056 2242.961 2218.989 2198.431 2166.002 2134.394 2115.868 2092.175 2051.113 2010.555 1989.348 1964.288
2247.262 2292.33 2348.352 2402.996 2455.336 2498.656 2534.541 2575.308 2616.859 2649.812 2681.748 2712.761 2735.692 2711.688 2664.938 2651.452 2664.951 2615.698 2565.815 2534.949 2514.825 2515.776 2545.173 2578.305 2596.9 2596.997 2582.807 2553.025 2519.072 2491.181 2464.719 2427.116 2363.841 2317.675 2289.691 2263.858 2235.213 2215.358 2201.148 2170.359 2115.386 2058.954 2032.281 2024.982 1999.408 2000.612 2000.35 1999.716 2021.784 2035.336 2059.377 2087.317 2117.828 2143.438 2222.352 2219.16 2196.961 2183.111 2147.116 2115.801 2092.319 2069.979 2027.919 1991.432 1971.436 1952.655
2240.111 2293.606 2354.854 2412.851 2464.568 2509.579 2543.863 2572.548 2600.665 2624.046 2648.162 2675.536 2692.757 2687.367 2634.853 2614.903 2617.928 2584.074 2548.869 2530.742 2510.808 2506.995 2533.21 2569.828 2592.273 2596.813 2591.246 2571.378 2534.425 2491.133 2452.036 2415.207 2369.079 2310.202 2275.771 2254.246 2225.593 2196.67 2187.151 2159.521 2094.534 2027.518 2011.797 2011.299 1989.529 1949.382 1937.701 1940.44 1951.857 1974.486 1996.993 2024.887 2073.472 2109.284 2193.233 2197.023 2173.749 2148.08 2130.439 2102.508 2072.059 2045.162 2018.094 2001.724 1988.226 1968.736
2242.805 2311.043 2376.021 2433.843 2482.267 2524.729 2558.615 2579.777 2593.964 2603.458 2615.469 2634.046 2649.721 2670.041 2615.455 2573.202 2552.906 2540.27 2529.171 2518.358 2502.949 2491.123 2503.098 2536.177 2569.143 2579.245 2573.875 2562.329 2545.033 2506.386 2460.812 2407.466 2372.639 2329.119 2281.017 2248.338 2221.729 2203.229 2174.628 2142.179 2071.927 2018.859 2013.518 2015.15 1938.914 1906.124 1894.119 1889.789 1894.825 1898.026 1918.594 1953.004 2000.97 2071.382 2173.257 2172.464 2156.085 2139.276 2125.144 2090.832 2062.499 2029.013 2008.961 1993.901 1989.14 1973.589
2278.627 2348.048 2410.869 2462.086 2505.508 2544.481 2573.951 2583.995 2582.635 2579.859 2582.214 2591.94 2615.396 2608.156 2540.275 2488.258 2454.855 2453.734 2471.92 2476.095 2453.875 2409.664 2401.9 2442.159 2518.736 2554.098 2553.771 2551.145 2544.802 2513.988 2461.81 2405.958 2364.921 2334.511 2311.635 2275.095 2257.599 2246.598 2200.928 2153.523 2099.684 2069.253 2043.653 2021.704 1881.338 1850.686 1829.496 1806.586 1812.553 1819.523 1817.097 1871.625 1918.286 2025.661 2142.37 2146.092 2135.016 2123.126 2113.351 2102.999 2079.972 2040.041 2007.833 1979.334 1968.308 1960.774
2331.02 2398.284 2455.695 2493.073 2524.757 2562.646 2595.033 2583.866 2558.264 2542.978 2540.125 2543.485 2562.27 2523.182 2442.889 2390.708 2353.374 2355.571 2392.696 2414.75 2395.82 2337.159 2308.693 2341.417 2460.783 2537.515 2543.663 2534.781 2523.908 2501.604 2440.713 2377.688 2343.537 2318.264 2304.921 2294.663 2279.67 2251.159 2210.307 2159.559 2106.849 2090.332 2050.653 1976.035 1851.956 1761.247 1730.861 1718.236 1729.534 1742.241 1751.554 1756.615 1833.232 1903.545 2075.831 2124.304 2121.64 2112.369 2101.795 2090.799 2063.289 2027.454 1987.5 1951.015 1931.701 1924.431
2390.424 2452.277 2504.922 2538.866 2584.928 2619.677 2603.427 2545.026 2500.197 2496.299 2492.344 2489.745 2509.645 2458.081 2376.786 2317.689 2272.894 2277.579 2315.094 2337.075 2333.196 2303.263 2266.206 2264.224 2406.422 2531.109 2540.245 2520.948 2499.988 2464.532 2401.338 2339.227 2305.288 2293.399 2286.728 2281.702 2261.979 2224.994 2187.527 2141.78 2090.881 2072.451 2025.89 1938.677 1824.404 1698.982 1623.437 1592.282 1641.213 1664.859 1676.586 1687.558 1707.047 1828.216 1893.249 2078.089 2109.532 2100.206 2085.706 2058.299 2030.051 1995.469 1963.417 1937.877 1916.586 1905.446
2438.881 2495.938 2547.008 2592.837 2648.67 2663.781 2606.354 2519.93 2463.668 2457.546 2447.247 2437.534 2426.119 2404.612 2326.006 2267.482 2211.899 2205.647 2232.277 2241.507 2225.877 2200.269 2184.694 2184.268 2358.199 2528.778 2536.397 2507.086 2478.642 2437.788 2380.707 2311.81 2268.664 2252.885 2259.836 2256.334 2242.221 2212.304 2171.136 2131.293 2078.927 2052.604 1993.799 1906.509 1799.275 1692.507 1606.336 1587.673 1573.037 1557.883 1547.817 1542.39 1625.363 1704.167 1830.095 2028.34 2070.068 2084.069 2076.244 2065.831 2032.135 1996.324 1964.356 1943.175 1919.313 1900.944
2465.595 2521.041 2571.708 2616.303 2648.827 2660.309 2601.255 2521.72 2461.671 2431.605 2406.654 2389.08 2376.463 2370.546 2302.488 2232.714 2169.631 2163.467 2187.695 2190.619 2177.298 2150.396 2135.433 2151.241 2340.572 2509.736 2513.977 2485.04 2461.413 2424.432 2368.973 2308.224 2250.947 2222.031 2214.782 2227.414 2225.95 2203.935 2164.833 2124.434 2073.886 2030.999 1967.904 1884.337 1811.039 1710.398 1635.889 1593.059 1570.192 1551.168 1540.328 1530.831 1524.675 1510.018 1719.925 1780.993 1855.975 2018.157 2048.671 2042.1 2033.408 2016.925 1992.476 1971.918 1947.471 1923.886
2471.703 2528.067 2578.06 2618.498 2639.179 2648.698 2603.217 2528.58 2454.076 2399.629 2366.042 2342.091 2328.734 2338.323 2289.661 2218.114 2145.855 2136.132 2160.993 2158.653 2134.369 2126.773 2126.473 2157.95 2346.695 2488.538 2484.19 2450.801 2423.432 2396.003 2355.818 2310.335 2260.736 2205.675 2185.927 2195.487 2204.913 2193.113 2161.852 2123.343 2063.166 2007.869 1969.921 1912.066 1821.296 1742.475 1658.176 1599.529 1557.978 1540.959 1530.411 1516.814 1507.134 1499.319 1620.636 1698.445 1780.352 1820.445 1855.846 1902.652 1999.895 2032.286 2014.437 1986.112 1957.492 1934.241
2466.201 2521.221 2570.047 2607.218 2632.168 2633.404 2565.826 2488.201 2405.361 2336.283 2315.205 2292.29 2276.44 2290.167 2260.751 2190.101 2114.368 2104.79 2124.579 2117.667 2095.255 2093.581 2108.77 2152.796 2333.267 2456.617 2449.215 2415.814 2388.708 2362.976 2329.477 2296.969 2260.288 2208.651 2172.767 2148.943 2168.608 2166.95 2144.283 2112.077 2069.294 2013.382 1968.102 1923.644 1855.105 1790.835 1685.077 1623.14 1575.248 1548.267 1528.156 1510.273 1496.239 1489.508 1481.703 1613.375 1674.482 1711.467 1746.208 1798.386 1870.384 1971.483 1978.808 1953.926 1934.245 1923.292
2455.46 2506.3 2552.287 2587.169 2620.213 2601.953 2542.291 2462.081 2382.271 2309.902 2262.991 2238.481 2219.094 2207.819 2222.021 2162.805 2110.652 2090.244 2087.293 2077.165 2059.181 2055.401 2074.994 2119.488 2260.939 2372.36 2393.948 2384.504 2364.061 2340.482 2311.819 2281.846 2252.557 2215.99 2167.573 2121.028 2118.191 2129.6 2107.55 2084.141 2074.748 2043.754 1978.518 1916.148 1855.727 1810.711 1770.199 1668.913 1604.387 1556.596 1525.906 1503.084 1486.91 1477.45 1473.263 1556.684 1592.936 1606.042 1628.57 1674.854 1759.166 1853.434 1937.589 1943.089 1926.323 1907.133
2442.208 2486.333 2525.76 2555.88 2576.2 2553.229 2509.215 2458.842 2386.397 2308.448 2244.505 2188.263 2159.102 2143.508 2158.88 2122.967 2091.932 2067.276 2049.446 2034.884 2021.454 2017.062 2035.881 2074.191 2176.872 2279.823 2336.308 2356.645 2345.57 2323.907 2297.18 2273.319 2244.719 2212.3 2160.972 2103.552 2086.187 2079.693 2066.443 2057.979 2059.835 2051.88 2001.992 1936.074 1864.524 1810.439 1773.992 1697.935 1629.63 1576.853 1527.242 1495.447 1478.891 1462.349 1460.496 1458.357 1508.937 1515.889 1512.667 1556.205 1669.652 1787.28 1917.569 1938.657 1924.557 1903.106
2425.979 2464.082 2494.649 2517.204 2525.932 2485.828 2444.209 2388.106 2325.252 2245.219 2171.804 2107.888 2094.99 2080.396 2078.571 2044.389 2020.743 2003.086 1992.894 1986.876 1979.751 1972.792 1980.333 2005.411 2108.393 2224.589 2296.029 2330.168 2322.827 2303.168 2278.979 2255.309 2227.356 2195.299 2148.269 2087.215 2066.79 2059.72 2048.948 2039.862 2039.637 2037.936 2016.256 1966.696 1888.716 1801.554 1725.774 1655.121 1604.258 1560.994 1510.835 1480.519 1464.203 1447.597 1442.801 1441.384 1443.704 1451.634 1456.993 1513.811 1628.493 1747.047 1899.163 1921.893 1910.736 1893.268
2406.86 2438.907 2464.018 2479.655 2475.58 2427.298 2367.61 2307.79 2254.235 2191.371 2134.12 2083.115 2039.927 2029.402 1992.564 1954.059 1929.443 1917.421 1930.815 1944.972 1942.463 1923.259 1908.368 1906.444 1995.779 2122.119 2218.417 2283.654 2286.729 2270.931 2247.191 2221.133 2193.143 2162.827 2126.273 2071.479 2042.069 2038.523 2043.228 2027.803 2016.636 2004.161 1997.132 1966.409 1898.193 1796.203 1709.299 1633.554 1566.572 1529.475 1489.249 1463.474 1446.263 1433.714 1424.305 1429.919 1430.727 1432.46 1465.71 1527.748 1630.787 1732.737 1881.968 1906.517 1891.869 1880.857
2384.223 2411.025 2435.212 2449.845 2451.257 2390.68 2313.134 2242.772 2192.085 2147.165 2101.275 2053.076 2012.48 1981.387 1932.25 1898.532 1877.624 1880.267 1913.411 1931.656 1914.383 1878.332 1853.52 1841.675 1903.319 2006.586 2112.973 2207.661 2226.941 2221.462 2198.715 2172.032 2148.809 2122.726 2086.604 2041.696 2011.962 2016.055 2032.128 2012.42 1992.453 1977.175 1966.712 1956.486 1949.852 1881.702 1787.417 1690.897 1574.394 1524.841 1495.518 1467.32 1442.776 1423.332 1414.183 1407.694 1415.105 1422.132 1469.224 1541.523 1639.545 1723.578 1864.916 1885.758 1873.438 1864.73
2356.799 2378.585 2406.469 2426.214 2433.427 2380.74 2291.167 2193.896 2134.001 2093.612 2038.278 1996.996 1961.259 1923.822 1881.552 1859.589 1845.746 1857.984 1897.59 1913.61 1876.796 1832.564 1809.108 1793.804 1809.809 1852.333 1936.854 2052.685 2107.073 2131.913 2119.223 2101.552 2088.239 2074.361 2039.427 2011.747 1997.558 1984.73 1998.266 1987.184 1962.853 1948.197 1941.855 1936.037 1937.763 1939.723 1865.329 1778.479 1688.322 1577.046 1544.484 1519.976 1456.934 1417.591 1410.837 1403.428 1396.178 1405.221 1408.708 1525.236 1617.244 1728.91 1853.4 1869.351 1857.886 1850.87
2318.97 2345.605 2378.069 2404.795 2413.292 2376.621 2296.185 2170.049 2102.049 2040.601 1997.141 1970.173 1944.137 1913.206 1877.623 1851.198 1828.619 1830.658 1856.563 1866.344 1834.182 1795.051 1772.593 1754.357 1746.402 1753.614 1805.932 1908.167 1979.255 2023.719 2017.603 2006.646 1988.12 1962.562 1966.193 1965.116 1952.074 1927.852 1941.809 1955.347 1940.603 1924.978 1923.818 1919.779 1923.88 1930.228 1889.139 1807.491 1727.154 1650.04 1602.224 1540.589 1475.628 1420.443 1401.787 1393.663 1387.382 1382.712 1378.562 1493.688 1594.431 1805.87 1863.112 1857.206 1846.016 1840.249
2274.171 2313.711 2352.254 2383.369 2402.966 2391.512 2351.322 2183.375 2105.633 2059.265 2025.396 1998.023 1958.372 1914.486 1885.427 1864.619 1835.021 1813.568 1810.158 1808.877 1790.133 1761.796 1736.152 1716.186 1710.136 1710.921 1740.615 1822.241 1889.803 1937.542 1933.599 1924.614 1921.852 1920.594 1914.977 1905.82 1900.89 1890.172 1902.824 1924.425 1931.319 1912.685 1908.307 1908.392 1908.23 1914.919 1888.72 1823.806 1744.171 1678.585 1620.461 1539.435 1480.479 1433.238 1396.067 1386.774 1380.762 1373.436 1362.474 1355.105 1553.596 1664.309 1815.104 1833.984 1826.824 1824.61
2258.335 2291.843 2327.077 2357.527 2382.642 2374.568 2306.315 2184.636 2121.667 2073.876 2037.514 2007.119 1975.341 1944.305 1914.563 1880.637 1843.207 1809.458 1792.086 1783.731 1771.728 1747.904 1719.095 1699.178 1692.124 1678.059 1679.866 1748.875 1821.549 1874.375 1871.044 1857.048 1860.117 1871.468 1870.012 1857.242 1840.88 1837.07 1860.403 1891.819 1904.641 1895.708 1887.313 1891.86 1886.58 1886.912 1879.138 1811.23 1734.561 1664.125 1602.226 1539.977 1497.421 1450.926 1390.595 1378 1369.64 1358.424 1348.147 1338.962 1483.273 1596.956 1767.039 1801.379 1799.601 1794.643
