Peta/tes_7.asc
ncols         300
nrows         300
xllcorner     119.9269289154
yllcorner     -5.5038513964
cellsize      0.00083333333333334
nodata_value  -9999
[rows 174 to 202 of 300, columns 198 to 263 of 300]
484.83 472.862 469.376 462.582 456.827 453.312 450.19 448.597 448.168 446.81 444.882 443.398 440.8 425.349 398.329 395.771 397.063 402.95 429.194 431.653 430.569 426.497 421.733 415.768 410.339 407.022 404.144 401.982 392.731 383.162 367.676 343.462 338.54 357.267 379.773 387.86 387.425 387.638 390.2 384.12 381.498 371.866 369.851 378.142 375.831 373.565 363.472 356.854 355.457 354.552 349.895 347.864 347.217 348.67 348.008 343.487 344.24 349.223 351.498 349.116 349.009 343.519 337.773 336.24 334.493 331.895
488.986 483.65 479.013 471.605 464.198 459.398 455.253 451.945 449.837 444.601 441.461 437.642 434.75 434.783 414.46 391.987 375.215 366.122 390.537 409.98 427.632 434.484 429.83 421.573 414.275 411.548 409.593 407.195 404.289 400.475 392.799 371.154 340.356 346.926 363.546 382.338 388.109 386.982 388.259 387.203 383.719 376.582 370.234 371.983 372.851 368.31 363.791 362.086 358.719 357.185 349.469 344.913 346.611 342.953 339.357 338.556 341.353 344.145 343.004 344.064 347.865 344.863 336.369 336.561 334.873 328.17
487.678 486.407 486.561 480.197 471.202 464.899 460.28 455.511 453.498 448.555 442.999 437.506 430.985 427.905 429.535 414.485 395.956 383.266 385.682 390.92 403.736 417.142 433.627 428.82 421.496 420.344 418.538 413.134 409.357 405.796 401.148 383.118 341.312 338.564 345.938 368.33 389.315 391.171 386.582 385.335 382.524 376.297 370.532 369.81 366.103 362.601 361.918 360.071 357.51 355.809 346.87 339.097 339.606 341.634 337.927 335.868 341.214 342.489 340.86 340.389 339.154 341.955 333.477 334.964 330.573 325.714
488.565 487.923 484.719 483.602 475.446 471.466 470.878 461.894 456.796 453.04 450.018 442.256 436.836 433.316 431.797 427.814 420.854 413.764 402.69 393.352 386.999 390.629 407.179 420.893 419.934 420.402 418.116 412.527 407.614 405.841 402.574 391.468 362.559 340.627 332.159 336.813 379.147 385.916 380.545 376.314 371.409 367.758 366.212 367.747 366.714 362.415 354.197 349.673 348.723 344.781 337.382 329.582 331.204 338.436 336.546 338.919 344.322 345.588 344.502 343.131 339.103 334.171 328.655 327.412 326.235 324.566
487.964 486.836 484.565 480.863 478.393 477.9 476.764 467.549 463.583 461.913 454.898 446.55 443.868 445.141 443.76 441.638 432.681 424.632 413.866 400.626 378.412 370.792 383.267 392.404 395.447 400.593 404.122 405.176 404.456 402.936 401.004 397.474 390.736 377.029 359.322 343.731 351.918 354.864 350.793 343.39 343.235 354.278 360.397 358.97 359.252 356.573 342.489 339.533 337.51 335.198 328.758 322.799 322.887 322.864 324.131 332.381 337.945 341.724 345.032 342.275 339.882 335.736 332.732 330.416 332.145 327.03
483.407 483.045 484.43 481.497 478.212 477.018 473.719 464.735 458.782 458.489 455.99 447.025 447.068 448.127 445.922 443.144 437.03 427.292 419.148 409.668 399.868 389.71 384.453 381.046 375.774 382.994 385.131 389.262 396.172 399.443 398.248 395.633 392.778 385.51 379.189 361.272 347.469 332.147 324.489 328.627 334.002 329.153 327.453 330.363 336.964 338.51 322.56 319.438 321.366 324.819 322.967 319.546 314.962 305.72 303.505 310.947 320.486 333.392 339.498 337.233 335.8 333.904 333.611 330.574 329.778 324.967
484.832 482.75 481.968 479.139 476.148 476.028 473.081 469.528 465.103 457.727 451.872 446.804 444.248 443.163 441.072 439.42 434.754 428.967 423.705 421.524 420.529 411.487 404.995 399.904 390.713 385.194 365.601 366.203 382.057 395.984 396.461 395.008 392.949 390.886 386.836 377.636 365.224 355.601 350.796 351.209 350.055 343.216 333.369 321.374 318.915 319.412 306.679 302.027 309.4 318.001 316.098 309.21 294.352 282.807 283.738 298.655 313.505 318.706 319.388 323.385 330.29 329.809 330.303 328.882 327.597 323.515
483.254 477.609 473.524 473.914 478.317 476.823 469.034 467.488 465.981 459.614 452.026 446.637 443.507 442.801 438.682 433.682 431.941 427.284 421.976 422.43 422.955 420.158 412.278 406.659 402.596 390.155 347.017 345.415 367.729 389.402 388.994 385.08 381.351 385.127 385.828 382.18 377.293 370.546 365.982 362.502 356.474 349.026 343.737 336.836 323.527 313.579 305.932 302.123 298.462 300.118 295.767 287.586 281.189 280.317 279.271 290.627 306.501 307.465 307.317 310.349 318.373 322.389 325.547 324.714 322.859 320.067
479.967 472.554 466.311 467.091 471.901 470.854 464.568 463.462 462.398 460.298 456.302 452.23 445.469 442.172 437.262 432.569 431.118 423.845 421.525 420.869 421.987 416.564 409.546 405.384 402.986 393.546 366.994 346.577 356.805 380.204 381.509 374.835 371.362 377.314 382.037 383.276 379.415 377.597 369.224 362.877 358.796 354.624 351.887 348.602 343.982 336.759 326.777 321.692 302.72 293.398 287.832 293.351 290.76 285.262 274.464 284.583 302.153 306.824 304.063 303.484 304.742 306.552 316.079 318.864 318.108 315.854
474.985 470.709 467.239 464.189 463.751 464.792 464.407 460.691 456.719 458.145 458.434 454.831 451.877 447.913 440.487 437.964 438.747 432.578 425.519 420.47 417.285 410.853 409.611 410.032 412.286 398.294 388.464 366.773 354.085 359.296 373.754 376.741 370.953 368.936 371.837 376.706 374.695 372.891 370.588 368.592 366.914 366.928 368.331 363.229 358.542 353.166 341.812 331.121 320.858 306.618 302.499 307.722 304.207 295.174 278.883 281.029 296.85 305.354 305.103 300.387 297.859 297.927 301.915 307.706 307.989 308.913
469.167 463.428 463.476 461.411 456.388 456.915 457.882 458.321 456.044 455.312 453.538 447.84 446.534 447.326 445.683 443.42 445.046 434.304 426.768 423.406 415.667 407.287 406.272 408.851 404.704 396.898 394.552 387.731 362.361 353.928 356.06 370.215 367.867 361.329 360.557 364.249 364.949 368.163 370.113 369.574 370.004 367.085 365.475 362.008 356.677 353.289 350.311 340.776 334.959 326.967 320.456 317.118 306.835 298.492 289.967 280.596 284.79 292.68 293.47 292.994 292.605 289.691 285.786 283.931 287.869 291.981
465.61 463.882 461.683 459.637 458.135 453.388 450.855 452.756 451.836 450.38 447.479 443.936 442.651 443.127 439.709 440.946 440.198 431.042 423.419 415.627 407.428 404.053 401.805 398.528 400.621 398.9 396.855 394.981 381.879 360.638 337.149 352.679 359.854 357.215 349.326 341.798 345.841 357.721 364.218 364.429 363.253 361.492 359.814 356.451 352.913 350.836 348.366 344.719 342.271 336.573 330.379 322.826 312.088 307.018 301.04 295.941 285.877 283.907 278.131 278.576 279.448 273.952 269.718 265.985 264.076 266.543
458.463 459.411 456.207 453.483 455.367 454.669 447.772 447.181 447.688 449.602 446.247 439.17 438.072 437.628 431.709 428.977 424.781 421.655 416.356 409.048 399.586 400 396.655 396.375 401.598 400.728 393.749 391.452 386.578 371.725 340.654 331.593 333.259 326.111 324.665 316.107 322.11 345.738 355.968 358.262 355.768 354.33 354.461 353.203 347.795 346.733 346.656 344.488 341.456 338.334 332.152 325.274 318.297 315.986 313.809 316.526 312.755 306.945 300.433 290.537 269.611 259.217 256.72 254.539 249.529 252.381
445.266 449.955 451.153 447.152 446.978 448.375 442.02 441.742 444.964 443.388 441.049 437.058 432.189 432.498 426.658 419.663 415.546 414.384 410.392 405.935 398.089 396.308 388.418 391.223 397.788 395.052 387.826 385.674 381.854 379.293 363.765 345.522 332.66 331.831 333.582 317.183 312.102 322.094 338.283 352.088 349.722 347.52 343.709 343.416 343.316 343.783 343.284 342.945 339.94 336.008 330.478 324.6 318.207 314.158 314.941 317.611 316.814 312.338 313.435 308.279 293.53 276.898 270.552 265.539 255.723 249.656
437.951 431.737 440.813 446.683 442.306 439.194 436.429 434.569 440.585 441.606 438.451 437.656 428.554 424.162 419.976 414.356 407.265 407.231 405.985 405.733 400.768 392.699 385.121 385.104 383.881 385.878 382.419 381.212 375.423 370.981 375.254 373.411 371.004 369.299 363.297 353.853 336.104 311.904 317.686 342.181 344.731 341.704 335.939 332.927 335.39 334.614 335.402 334.126 332.863 329.496 325.302 320.338 317.243 311.351 309.823 311.086 312.204 307.799 305.742 306.525 303.062 297.017 292.575 286.131 271.581 257.595
441.692 433.124 428.918 439.514 442.008 438.126 430.012 428.285 432.757 436.122 435.225 434.583 430.537 422.799 414.826 409.492 400.165 396.733 400.978 403.136 398.283 392.65 383.685 375.958 374.095 374.313 376.634 374.003 373.787 366.45 370.359 375.625 374.687 369.578 363.207 354.451 340.594 321.739 302.734 314.959 324.607 330.442 332.614 329.719 323.297 322.199 324.906 324.198 322.37 319.578 320.036 315.976 315 311.642 307.936 306.452 307.081 305.32 302.334 304 309.2 309.334 306.063 299.664 289.505 268.733
434.235 430.984 424.672 426.249 437.907 439.162 432.858 424.971 424.123 426.095 427.208 429.928 427.451 423.198 417.582 414.144 402.821 393.351 394.1 397.593 397.651 390.975 383.469 380.57 381.653 373.116 370.919 363.826 365.599 363.226 366.802 365.732 367.512 364.365 361.687 358.406 352.451 337.576 310.089 307.36 293.634 300.713 324.547 329.08 323.795 324.241 322.583 316.637 314.176 311.456 313.344 314.497 314.733 310.881 303.781 300.954 301.249 302.919 300.605 300.317 303.249 307.973 307.271 301.595 293.337 279.694
418.39 412.426 417.178 417.791 425.504 435.418 434.922 428.668 421.247 423.114 429.061 427.502 424.85 418.885 418.964 417.438 406.495 393.31 391.489 391.95 393.235 392.896 390.311 389.14 388.9 381.428 372.899 372.159 370.715 361.6 358.914 358.873 359.416 353.713 354.435 355.099 353.198 347.035 334.409 315.105 299.378 285.216 305.242 324.755 326.791 327.842 323.953 314.12 307.728 304.09 304.638 309.489 311.846 309.899 305.614 299.351 296.71 297.303 298.941 295.809 295.122 299.218 298.415 296.176 296.471 292.143
437.523 422.408 415.389 408.605 413.268 428.583 430.027 429.434 426.329 428.195 430.208 425.546 419.822 415.003 413.529 410.13 411.317 400.83 391.429 385.701 388.729 390.647 388.035 388.004 387.23 384.678 381.384 381.371 380.081 367.119 358.442 352.134 349.171 348.439 347.353 348.353 350.263 350.135 345.532 337.061 325.789 294.481 301.244 315.613 320.814 320.895 322.09 320.542 314.202 308.981 299.356 299.412 303.969 303.986 302.248 299.139 292.908 293.462 293.977 289.012 288.294 292.164 290.877 292.634 293.045 291.393
436.98 430.823 420.871 405.024 409.726 425.18 426.841 425.081 423.027 420.388 419.778 414.65 410.049 407.239 407.891 405.085 408.462 407.56 397.368 385.051 385.516 388.887 383.908 381.022 379.524 377.836 378.226 377.674 377.212 368.065 360.279 353.574 348.986 350.684 348.8 346.316 346.91 342.872 340.968 338.511 329.853 302.391 293.444 296.028 305.16 310.09 316.064 320.109 318.827 316.343 304.038 300.729 298.263 295.507 293.787 293.927 289.433 291.548 293.579 288.573 284.823 285.177 285.289 286.181 285.873 283.927
440.456 436.003 427.374 407.552 406.857 412.259 419.91 422.407 420.388 419.063 418.76 418.317 407.631 399.139 400.516 400.212 403.277 400.763 390.644 382.491 380.308 383.417 380.473 372.401 373 373.909 373.403 373.466 371.366 367.203 366.466 363.031 358.071 353.764 350.556 346.225 341.61 335.351 337.598 337.375 329.794 318.129 302.902 289.419 284.497 294.567 307.426 316.598 314.569 314.57 311.696 311.516 304.799 296.727 291.171 287.402 283.913 285.711 290.956 289.877 286.628 281.329 279.95 281.408 282.887 280.284
439.429 436.511 431.411 423.433 407.924 395.196 406.157 417.491 418.773 417.619 422.377 425.856 416.296 399.236 394.266 398.173 397.099 392.777 385.88 381.967 380.176 372.45 375.245 370.347 369.416 373.168 369.311 368.878 368.823 368.76 369.769 365.311 359.058 353.605 350.787 349.235 341.944 336.588 334.321 331.257 328.904 322.509 315.423 289.908 274.741 265.33 287.786 306.736 310.895 312.059 310.737 308.361 304.94 298.347 293.325 287.085 280.252 280.327 283.195 283.678 284.669 276.735 277.937 279.249 277.044 276.212
436.964 435.941 433.212 428.46 407.044 388.937 399.13 411.522 414.371 412.786 417.992 420.498 414.459 398.937 388.003 390.653 392.769 385.473 381.511 377.841 373.646 370.411 370.688 368.75 366.121 371.753 370.384 363.636 359.918 364.893 368.688 366.008 358.333 351.351 351.869 354.412 350.012 342.464 335.496 329.157 325.556 316.554 314.733 315.371 302.041 286.558 285.616 290.733 301.06 304.796 305.149 301.053 299.009 297.027 296.018 292.818 287.632 280.293 276.113 274.077 275.503 273.854 275.018 274.475 272.936 270.289
435.058 433.841 430.474 425.365 405.176 390.22 393.487 400.2 401.832 405.579 411.598 411.049 406.464 401.836 391.106 383.967 384.72 382.184 380.896 378.212 378.448 376.787 371.18 364.496 362.547 365.448 366.86 364.361 357.021 358.766 362.571 359.908 355.071 351.085 347.429 346.457 341.7 340.434 336.515 329.713 325.723 315.627 313.883 312.366 307.211 293.268 274.005 272.154 282.988 288.18 295.62 300.19 297.918 294.701 294.439 292.882 290.882 286.121 280.931 274.972 269.28 268.263 269.697 268.592 269.081 267.936
432.516 430.606 428.397 427.384 422.257 411.029 392.204 384.507 385.078 390.435 399.009 399.849 400.868 400.628 396.32 391.275 381.301 378.131 378.692 376.117 376.204 378.313 371.423 365.981 358.822 359.118 359.511 361.439 359.633 356.379 356.787 353.247 348.315 345.66 344.651 342.266 338.397 336.004 333.388 331.049 326.958 324.493 321.877 314.731 308.053 301.274 268.87 253.144 253.043 261.885 278.464 295.93 298.728 295.972 292.108 289.538 287.393 285.986 286.869 286.624 273.458 264.786 262.891 262.556 262.828 264.013
429.85 424.202 427.078 429.213 423.189 415.636 408.225 393.087 377.753 368.478 373.554 385.038 392.779 395.851 397.181 399.118 385.326 378.045 376.742 378.366 379.552 377.606 369.89 365.619 355.526 355.014 355.389 359.263 359.628 355.021 350.442 347.705 343.691 339.936 339.683 339.361 335.89 333.294 332.163 328.94 326.832 325.081 323.941 322.126 309.417 302.121 292.736 279.011 267.578 251.558 261.04 285.322 293.429 296.792 294.329 290.474 287.61 284.579 286.86 283.139 275.21 268.528 262.976 259.95 255.832 257.462
427.207 418.614 424.84 431.028 422.029 416.497 413.112 405.577 387.272 372.043 363.561 366.531 383.09 390.091 392.009 394.512 391.329 381.509 369.808 374.663 382.386 379.071 371.682 360.269 356.47 352.148 350.547 352.534 354.652 353.393 348.116 342.927 342 336.179 332.013 333.114 334.742 331.863 330.945 329.47 323.342 322.421 321.597 320.158 312.844 309.914 305.538 296.048 281.364 258.28 249.57 263.651 274.335 289.35 290.959 288.488 287.9 284.719 283.701 278.112 272.483 270.873 269.62 264.379 256.428 251.719
434.34 425.472 418.257 422.345 418.229 414.261 409.859 404.927 396.65 389.673 375.432 365.27 378.931 387.598 386.931 387.326 392.101 390.184 376.44 371.955 372.779 375.986 371.867 359.472 356.284 353.881 347.963 345.937 346.887 345.117 345.171 341.713 341.298 340.873 335.351 330.963 328.416 325.456 323.149 322.855 316.858 317.652 316.415 317.751 313.455 313.502 309.582 303.13 292.581 277.929 254.077 247.508 240.818 273.615 286.08 287.543 286.819 284.388 281.235 281.964 275.849 275.403 272.872 266.94 256.871 252.212
428.087 425.225 419.283 413.451 409.945 410.204 408.959 404.859 402.171 399.411 387.038 367.218 368.781 375.96 380.651 382.823 385.389 385.384 383.836 377.691 362.915 364.182 360.993 349.951 349.167 354.3 352.13 344.772 340.424 335.885 333.669 332.968 336.634 338.62 335.719 332.954 329.23 324.931 321.877 322.381 320.565 314.198 310.511 311.526 308.619 310.44 306.433 301.216 300.466 292.446 277.06 260.11 240.263 235.353 270.404 283.086 283.828 282.742 278.438 276.497 271.261 272.367 273.692 271.633 263.174 257.094
