Peta/JB/jb.asc
ncols         499
nrows         319
xllcorner     119.5498313681
yllcorner     -5.4150659422
cellsize      0.00083333333333332
nodata_value  -9999
[rows 60 to 89 of 319, columns 0 to 66 of 499]
10.482 11.531 10.123 9.717 10.248 9.888 10.047 10.112 10.422 11.468 12.393 15.554 17.539 15.616 17.46 20.629 21.739 20.628 16.093 11.063 10.357 11.58 11.705 11.875 11.877 12.532 13.187 15.078 16.449 17.698 13.656 13.435 15.185 15.703 14.703 14.719 15.951 15.702 16.848 14.817 14.406 12.953 13.31 13.873 12.705 13.172 13.485 13.511 14.196 14.468 15.049 17.74 21.823 24.842 30.854 30.957 28.147 33.838 36.402 27.026 21.098 20.643 23.034 22.519 21.453 19.69 18.627
9.375 9.839 8.888 9.297 9.875 10.049 11.112 10.875 10.877 11.705 12.327 13.898 15.8 16.482 18.891 21.594 23 21.515 16.217 11.281 10.127 11.593 12.172 12.407 12.469 13.11 13.236 15.862 15.487 15.245 12.591 12.25 13.779 16.047 15.173 13.09 13.604 14.734 17.122 14.951 13.763 13.283 13.002 13.875 13.58 14.049 14.393 12.752 13.754 15.284 17.207 23.998 30.517 30.697 33.188 31.684 31.585 34.687 32.535 25.527 21.701 21.361 24.407 23.922 23.098 21.33 21.208
8.828 8.295 8.642 10.112 9.828 10.014 11.295 11.172 11.705 11.656 10.888 11.814 14.458 16.878 19.988 22.88 21.496 19.54 15.403 11.578 10.705 10.953 11.31 12.468 12.657 12.935 14.128 16.123 15.295 13.937 11.765 12.924 13.894 14.558 14.292 12 12.125 13.092 14.604 14.171 13.877 14.627 15.381 16.554 15.567 15.926 16.848 14.864 16.442 20.856 26.148 33.488 38.634 36.198 34.268 32.284 32.782 32.025 27.663 23.417 20.998 20.969 23.825 25.456 25.268 22.47 21.779
9.69 8.924 10.114 10.875 9.938 9.187 10.828 10.717 11.593 11.578 10.705 11.672 14.027 16.951 20.501 21.837 18.73 15.21 12.602 10.951 10.013 10.468 11.174 12.36 11.716 12.359 15.002 16.047 15.643 13.576 12.002 13.939 15.393 13.705 13.75 12.987 12.752 13.456 14.112 14.344 15.629 17.208 18.521 18.406 17.047 17.706 18.453 18.02 23.735 33.95 38.285 40.635 41.234 37.715 32.962 31.605 31.779 29.464 26.736 24.317 22.677 21.581 23.424 25.717 25.701 23.328 22.927
9.356 9.829 10.42 10.248 9.466 9.299 10.875 10.532 10.545 10.716 10.593 11.125 11.967 14.402 17.743 18.322 14.961 11.886 10.828 9.998 9.642 11.112 11.594 12.578 11.235 11.092 13.323 15.482 16.109 14.095 14.444 14.722 14.307 13.248 13.013 13.295 13.814 16.381 17.774 17.383 17.409 18.422 18.951 17.074 15.902 18.062 19.455 20.817 28.584 39.434 44.096 44.161 39.324 32.972 29.259 28.683 29.307 28.295 27.922 27.27 25.44 23.864 24.754 26.456 26.393 24.11 24.533
10.976 10.643 9.42 9.295 9.344 10.581 11.58 11.455 10.815 10.172 10.705 11.172 11.532 11.967 14.497 16.06 12.466 11.58 11.455 10.862 10.878 12.455 12.409 12.703 11.75 11.284 12.127 13.967 14.714 13.842 15.185 15.281 13.235 12.295 11.953 12.185 14.016 17.139 19.53 20.565 18.298 16.214 16.024 15.81 16.286 18.471 20.752 22.253 26.262 31.656 37.183 37.102 31.119 26.568 25.901 26.545 27.013 27.42 27.717 28.515 27.973 26.504 28.085 29.851 28.848 26.662 27.227
15.257 12.676 9.987 9.58 10.174 11.532 11.42 11.593 12.956 15.686 15.419 11.94 11.468 11.532 12.217 13.305 11.593 11.828 11.248 11.06 11.829 12.42 12.42 12.64 12.987 12.235 11.717 12.545 12.888 13.469 15.346 16.221 13.406 12.172 12.455 12.409 13.375 14.855 17.105 19.196 18.452 15.346 13.717 14.842 16.482 18.719 20.89 21.905 21.978 23.775 26.612 26.626 24.714 23.765 24.485 24.605 25.717 26.076 25.73 27.435 28.81 29.161 30.878 32.455 31.44 29.003 26.917
17.046 14.799 11.11 10.517 12.678 14.946 14.024 11.877 14.832 20.237 18.732 13.628 11.125 11.468 11.877 12.283 11.877 12.455 11.69 11.002 12 11.828 11.765 12.657 12.888 12.578 11.877 12.58 12.877 13.657 14.387 15.01 12.998 12.125 12.42 12.42 12.42 12.498 13.275 15.448 17.183 15.984 13.705 14.297 15.547 17.435 19.435 20.763 20.532 20.842 22.013 22.89 23.875 23.657 23.763 24.002 24.953 24.763 24.829 26.014 27.842 29.31 31.014 32.076 31.183 29.515 25.234
17.235 14.935 10.826 10.139 12.857 15.902 16.327 14.381 17.414 19.842 16.43 13.527 10.42 10.717 11.717 12.295 12.125 12.42 11.998 11.297 11.828 11.123 11.187 12.531 11.545 11.888 12.297 12.828 12.545 12.716 12.545 12.888 13.22 13.567 13.159 13.332 13.567 12.862 12.581 14.127 15.89 16.798 16.147 15.519 15.469 16.829 18.187 20.297 20.703 20.469 21.877 23.174 24.407 24.22 24.864 25.284 24.938 23.89 25.344 26.409 27.125 27.842 29.435 30.419 29.545 29.216 26.848
17.986 15.439 11.8 10.174 11.954 13.56 15.872 17.866 19.362 18.747 15.69 13.564 11.159 11.112 11.125 11.42 11.593 11.656 10.716 10.89 11.703 10.703 10.719 12.171 11.407 11.125 11.89 12.703 12 12.172 12.407 12.125 13.014 14.468 15.096 16.616 17.538 17.588 16.259 15.692 16.002 17.469 18.455 17.565 16.409 17 18.063 20.705 20.703 20.422 21.89 23.594 25.047 25.754 26.987 26.58 26.205 25.224 25.594 27.172 27.407 27.125 27.842 29.232 30.159 30.676 31.352
18.75 17.268 14.488 13.148 13.739 13.644 14.561 17.558 18.481 18.75 17.737 15.331 12.689 14.194 13.037 11 11.125 11.343 10.987 11.002 11.875 11.283 11.174 12.407 11.703 11 11.594 12.703 12 12.125 12.295 12 12.422 13.717 15.312 18.062 20.002 20.578 19.158 18.379 18.334 17.422 18.42 18.171 17.924 18.05 16.92 18.618 19.716 19.717 21.187 23.594 25.297 26.594 27.531 26.42 26.593 26.578 26.174 28.393 31.227 33.721 35.005 37.007 40.149 42.624 41.365
20.096 21.289 20.92 19.7 17.273 13.998 13.547 15.138 16.779 19.344 20.034 17.784 14.176 16.58 15.266 12.159 11.643 11.062 12.283 11.877 12.407 11.875 11.829 12.295 11.875 11.58 12.002 12.703 11.828 11.42 11.765 12.235 11.545 12.482 14.202 15.573 17.978 18.729 19.405 20.644 19.404 17.297 18 18.517 19.817 18.812 15.828 16.312 18.593 19.469 21.299 23.594 24.953 25.09 25.604 25.765 27.221 29.131 31.857 37.993 44.733 51.284 55.368 59.702 63.421 65.776 59.22
23.617 25.568 25.69 23 17.698 14.392 15.616 16.099 16.251 18.263 19.605 19.03 15.597 15.605 15.576 13.407 12.281 11.127 12.468 12.36 11.888 11.828 11.42 11.593 12.172 12.407 12.125 12.468 12.283 11.58 11.829 12.343 11.987 12.299 13.875 14.299 16.125 16.717 17.92 18.852 17.714 16.717 17.593 18.719 19.951 18.686 18.366 18.853 20.208 22.085 23.632 23.078 23.997 25.395 25.566 28.837 32.293 37.486 45.528 54.92 64.33 71.092 76.749 81.574 85.449 89.203 82.567
25.078 24.744 23.272 20.774 16.278 17.21 19.616 19.552 17.519 17.469 19.174 19.688 16.516 14.939 16.565 14.346 11.998 11.297 11.953 11.591 11.297 11.875 11.58 11.705 12.469 13.455 12.987 12.532 12.468 12.58 13.269 15.712 16.996 15.383 14.987 15.346 17.504 17.755 15.904 15.198 16.295 15.953 16.31 17.842 19.108 19.817 20.469 21.752 22.754 25.223 27.364 28.42 34.844 38.407 37.046 39.648 45.105 52.53 62.701 72.655 82.574 90.485 97.646 101.003 104.095 108.778 103.917
24.938 22.185 19.261 18.167 16.815 20.803 23.099 22.033 19.8 18.002 19.594 19.592 15.589 15.016 16.826 14.232 11.295 11.125 11.468 11.752 12.112 12 13.033 15.65 16.135 15.974 14.518 12.703 12.297 13 14.188 18.016 20.218 19.489 18.774 18.853 19.817 19.673 17.318 13.954 15.53 16.862 16.065 16.31 17.795 18.729 19.435 20.793 20.931 23.055 28.576 38.173 53.388 60.206 57.926 56.687 61.01 67.742 77.788 89.998 101.658 114.278 121.68 123.287 120.572 121.824 123.342
25.516 21.859 19.332 19.662 20.447 23.411 24.406 22.358 19.824 17.717 18.842 18.23 14.123 14.139 15.246 12.997 11.344 11.987 12.049 12.94 12.295 12.689 15.757 19.456 19.69 18.502 16.739 12.703 12.297 13.517 15.583 18.299 20.642 22.332 22.739 22.739 21.925 20.297 19.609 15.802 15.424 17.812 18.145 16.644 16.248 16.31 17.67 17.964 17.605 20.72 30.633 48.317 69.494 79.041 75.63 73.226 78.029 85.378 93.844 105.321 120.311 137.143 142.812 137.638 126.107 125.674 131.875
25.341 23.957 24.464 26.577 25.963 25.692 25.33 23.676 20.268 18.456 19.284 18.439 15.27 14.237 14.171 12.986 11.829 12.295 12.422 13.171 12.58 13.251 15.685 18.323 19.935 19.595 16.354 12.06 12.877 14.299 16.422 18.703 22.458 24.801 25.974 24.987 23.564 20.94 19.529 16.873 15.657 17.076 19.75 18.565 16.69 16.346 18.332 18.614 18.741 22.413 33.914 53.195 76.316 91.999 92.747 93.633 98.662 105.22 108.522 114.637 129.981 144.641 144.97 130.452 115.314 115.366 119.591
26.222 25.814 29.052 31.393 29.158 27.518 26.517 26.551 22.503 19.705 20.344 20.613 18.552 15.925 14 13.75 12.987 12.752 13.801 16.352 17.936 15.507 14.657 15.732 18.779 19.639 15.499 14.43 16.666 15.644 16.406 20.694 25.568 26.534 27.343 26.862 25.613 23.552 20.159 16.123 15.468 16.721 19.593 19.922 18.8 17.299 19.297 20.344 21.284 23.737 34.063 53.129 77.413 101.215 111.67 115.313 117.544 117.544 113.766 114.105 122.151 127.677 121.866 107.563 94.95 95.138 99.047
28.205 28.163 31.003 32.625 31.614 30.6 28.756 27.232 23.624 21.739 21.989 22.799 22.083 17.971 15.159 14.987 14.627 15.036 16.63 20.177 22.266 17.924 14.875 15.471 18.251 19.388 18.366 19.447 21.02 18.38 17.3 21.391 25.198 26.42 26.717 27.64 27.346 24.529 20.857 16.862 15.94 16.484 19.469 20.532 19.576 18.174 19.36 19.435 21.185 23.094 30.684 47.805 68.356 94.429 113.218 118.44 117.685 112.399 103.785 99.907 99.537 100.441 93.818 84.887 75.096 75.394 83.293
28.42 29.014 31.359 33.58 33.063 31.419 29.873 27.047 23.64 24.159 25.193 26.682 22.763 18.169 16.063 14.888 15.297 16.642 18.534 19.575 19.271 17.057 15.752 17.051 19.284 19.705 20.642 22.409 22.578 20.219 17.03 18.51 23.249 26.235 25.373 25.683 26.354 25.033 23.067 21.009 18.615 16.251 18.435 19.716 18.826 18.187 19.922 19.817 20.422 22.187 26.515 35.935 49.506 68.488 85.377 90.465 90.893 87.524 81.208 77.242 74.919 75.931 72.908 66.11 59.055 61.624 75.904
28.172 28.829 30.436 32.668 31.886 30.875 29.766 27.091 25.052 24.765 27.362 29.156 21.466 17.06 16.688 14.705 15.642 18.223 20.739 19.628 16.875 16.752 17.456 18.878 21.269 22.382 21.706 23.172 23.455 21.674 17.049 15.686 19.947 23.209 23.544 23.482 25.297 26.047 26.034 24.973 21.377 17.284 18.002 18.828 17.826 16.967 18.902 20.468 20.705 21.202 22.228 26.148 34.675 43.818 53.649 57.412 60.273 59.727 55.789 53.713 53.64 56.207 55.943 50.382 48.064 54.605 70.277
26.73 28.185 30.063 32.11 30.828 30.42 29.576 27.58 26.688 25.002 27.094 27.18 19.698 16.594 17.109 15.344 17.395 21.163 22.987 21.094 17.407 17.125 17.717 18.842 21.373 24.625 24.036 25.036 25.05 21.59 16.809 16.286 17.782 18.98 20.729 22.076 25.469 26.877 27.58 26.688 22.797 18.752 19.456 20.551 20.367 17.519 17.547 19.482 20.483 19.653 20.705 22.516 26.773 30.52 36.343 38.716 41.071 41.055 36.303 35.994 38.64 40.902 39.472 37.668 40.835 47.146 57.649
28.665 30.383 30.487 31.011 30.64 31.332 30.973 29.159 28.268 25.768 24.918 23.069 17.934 17.237 16.701 15.939 18.956 21.951 24.283 22.094 18.11 17 17.125 17.89 20.61 24.937 25.94 26.062 25.875 20.105 16.642 19.145 20.492 18.237 18.717 20.906 25.359 28.049 29.332 28.159 22.81 18.953 19.482 21.891 23.031 19.8 17.877 19.127 19.873 19.471 21.58 22.471 24.877 26.157 27.772 28.832 30.317 29.985 27.149 28.105 31.165 33.307 31.998 32.094 35.697 39.837 45.755
31.299 32.75 31.518 30.172 31.174 32.532 31.701 30 29.453 26.579 22.371 20.512 18.692 18.11 16.922 17.583 20.221 23.052 25.69 23.094 18.813 17.517 18.739 20.194 24.778 27.164 25.826 24.623 23.539 19.044 17.878 20.548 22.044 19.69 18.877 20.721 24.953 29.174 30.188 27.181 21.464 19.455 19.706 21.547 22.419 21.093 20.616 21.099 20.283 20.299 22 22.547 24.31 24.951 23.668 23.855 25.089 24.432 24.482 26.422 28.264 30.605 31.468 32.002 33.891 36.969 39.588
31.594 33 32.453 31.112 31.422 32.295 31.578 30.752 30.518 27.265 22.393 20.58 20.283 19.158 18.801 20.741 22.114 24.016 26.515 25.426 21.255 19.286 20.924 23.991 30.21 30.958 26.973 24.518 22.845 22.698 22.434 21.002 22.22 22.317 21.96 24.025 26.929 30.644 29.012 24.807 22.959 22.789 21.284 21.877 22.283 21.705 22.297 22.922 22.27 22.098 24.663 25.431 25.568 25.565 24.034 24.161 25.034 24.739 25.286 26.705 27.078 28.2 30.89 32.125 33.139 35.779 38.047
32.409 32.656 31.888 31.875 31.705 32.172 32.11 31.125 31.218 29.081 24.096 21.235 20.123 20.157 22.445 24.725 26.886 26.336 27.111 29.412 27.105 23.431 23.913 27.523 34.491 38.53 37.556 34.619 31.945 32.613 30.325 24.775 26.244 29.311 32.477 32.564 32.434 33.725 30.881 27.478 27.556 26.551 23.395 22.877 23.11 21.483 20.386 22.012 25.082 25.57 27.237 27.64 28.848 30.228 29.121 27.334 26 27.033 29.947 30.369 28.614 28.818 30.422 31.593 32.422 34.436 36.966
33.815 31.889 29.558 30.089 30.198 31.89 32.406 31.344 32.629 31.957 26.034 21.75 21.379 23.556 27.086 28.161 32.946 32.339 32.295 37.548 39.602 37.061 37.251 39.514 48.017 57.9 61.842 61.803 56.567 51.678 47.988 44.108 44.841 46.6 49.952 47.887 46.374 44.916 42.024 39.745 35.58 28.219 24.406 22.953 22.763 21.516 19.861 23.117 26.125 26.89 27.703 27.25 29.029 32.185 32.281 29.564 26.643 27.031 31.607 32.749 30.987 30.58 30.532 30.717 31.373 32.152 34.605
31.272 29.54 26.793 26.556 27.324 30.435 31.935 32.926 34.644 33.671 29.474 23.395 23.691 27.585 30.55 33.027 40.905 45.025 46.045 52.106 57.185 57.063 59.082 62.794 71.293 84.434 90.481 93.325 85.979 76.241 74.966 75.662 74.439 71.794 71.206 69.443 67.911 65.38 61.628 58.767 46.814 30.38 24.343 24.034 23.864 23.143 21.536 24.359 26.58 27.002 27.875 27.235 27.264 30.027 31.935 31.268 28.096 26.548 29.904 32.295 32.047 31.987 31.283 30.532 30.468 31.127 33.014
26.337 24.975 23.729 24.185 25.844 28.09 29.792 32.795 33.604 33.248 31.372 26.96 25.708 29.408 33.505 39.715 54.292 64.862 68.15 73.932 79.366 82.061 84.262 89.432 97.013 109.632 117.151 120.07 111.91 103.514 103.138 103.443 100.503 95.454 93.456 92.503 91.271 87.454 81.153 73.656 53.781 34.051 26.271 25.987 25.924 26.364 25.775 27.15 28.567 28.456 28.643 27.515 28.333 30.114 31.594 32.281 29.564 27.581 29.94 33.159 33.284 33.11 31.875 31.11 30.469 31.705 32.594
21.852 21.136 21.482 23.25 24.607 26.593 27.969 30.778 32.986 35.194 33.96 31.067 29.383 31.114 36.975 45.199 62.962 77.713 86.537 96.016 102.88 107.912 109.57 114.461 119.926 131.141 142.164 145.976 140.578 135.131 131.232 127.381 121.985 115.357 114.532 112.67 110.963 107.559 101.973 87.287 59.632 39.101 29.098 27.283 27.174 28.752 29.801 31.444 30.925 28.78 27.886 27.939 30.926 32.395 31.657 31.246 29.466 28.532 29.906 33.937 34.987 33.986 32.407 31.578 31.346 33.332 34.161
