Peta/JB/jb.asc
ncols         499
nrows         319
xllcorner     119.5498313681
yllcorner     -5.4150659422
cellsize      0.00083333333333332
nodata_value  -9999
[rows 180 to 209 of 319, columns 67 to 133 of 499]
193.645 181.417 157.633 124.704 101.168 87.449 79.633 74.885 70.472 69.888 70.375 70.417 69.092 70.948 71.158 69.44 69.1 72.913 74.788 75.162 73.687 73.802 72.657 73.185 74.125 74.765 76.596 80.783 84.656 83.122 81.295 81.986 86.071 89.873 90.341 94.952 99.87 100.274 97.645 113.531 143.7 176.415 199.598 201.193 207.805 219.904 218.066 207.819 209.413 214.665 230.045 258.068 291.455 328.678 358.908 375.649 373.537 358.906 338.933 330.526 337.888 347.733 353.941 359.211 359.631 358.208 355.254
233.317 214.785 181.207 141.398 115.227 97.923 87.969 82.433 75.637 71.851 71.222 69.578 68.532 69.484 72.22 71.628 70.313 74.014 75.67 75.637 74.878 76.205 74.333 72.939 75.159 75.926 78.458 80.736 82.541 82.813 81.172 83.065 89.129 95.771 98.655 99.35 93.614 95.832 101.917 122.304 156.822 190.915 200.898 196.744 210.867 219.353 207.819 201.584 204.337 212.251 232.721 263.49 297.911 330.831 360.687 385.538 396.137 391.027 374.611 363.816 372.615 389.976 400.204 403.914 404.367 405.638 406.171
251.885 243.173 211.228 167.01 138.242 115.437 100.694 89.932 80.08 74.862 73.785 71.74 69.392 71.507 74.741 74.254 71.066 72.607 74.42 74.593 75.078 75.778 76.548 76.15 77.222 76.719 79.703 82.959 84.322 85.944 85.183 86.791 92.744 100.964 104.805 100.434 88.214 90.478 102.138 126.444 163.106 194.768 194.891 194.815 209.233 208.017 194.791 193.783 199.18 208.996 231.166 260.849 292.971 320.685 351.611 383.226 407.304 411.956 398.146 389.816 398.554 418.201 431.263 435.674 440.75 446.851 451.536
236.46 243.365 233.275 197.181 166.555 139.49 119.892 102.305 86.028 78.837 76.802 73.797 70.815 74.755 76.423 74.401 74.647 76.483 75.222 74.125 74.468 75.127 76.89 78.125 77.873 77.174 79.846 83.951 87.174 88.58 88.752 90.692 97.634 105.758 103.712 94.071 85.607 86.402 99.204 124.831 161.19 189 188.867 187.642 197.207 191.61 183.89 186.429 193.93 205.611 223.557 250.476 281.521 304.952 332.768 366.252 393.415 401.765 394.985 391.606 393.125 400.313 413.478 427.454 437.146 450.671 466.558
208.347 222.554 233.865 226.55 207.947 175.895 143.457 119.429 98.209 85.637 80.318 74.797 71.721 75.139 75.7 74.111 79.555 85.89 82.847 76.789 75.284 75.877 77.346 79.332 79.27 77.892 78.841 83.893 87.25 88.013 87.856 88.821 97.137 101.281 92.769 87.414 85.627 85.143 98.646 122.317 152.225 174.456 180.292 175.109 177.231 175.033 176.758 181.636 190.295 203.875 220.129 244.848 271.505 291.972 318.291 349.615 369.424 369.32 361.101 356.906 351.211 353.674 367.259 383.434 392.477 408.507 431.087
179.694 193.504 212.69 228.752 232.813 208.935 167.329 134.406 113.786 100.938 88.595 79.338 74.273 75.581 75.861 75.645 82.724 91.973 91.147 82.76 77.974 77.112 78.236 80.768 79.419 77.873 77.626 81.807 85.841 86.138 85.997 85.985 92.025 91.733 83.789 85.828 87.205 85.159 97.719 119.424 140.001 155.24 158.812 152.892 153.02 157.582 167.105 177.526 188.109 203.911 220.648 243.208 265.264 283.496 305.5 326.019 334.446 326.875 316.885 310.633 304.341 310.679 319.007 330.513 342.118 358.924 377.504
154.873 166.216 183.726 202.125 218.027 215.023 180.422 140.34 118.258 105.813 92.855 82.091 75.891 75.075 76.234 76.078 83.91 95.553 100.046 94.382 85.736 80.664 79.708 81.453 80.034 79.614 79.271 79.861 81.35 81.412 82.789 84.389 87.275 86.571 82.299 85.783 88.437 86.302 95.283 111.456 124.038 134.138 134.904 131.256 131.708 136.827 145.459 162.324 181 207.275 227.116 242.552 260.746 273.08 282.367 291.336 294.864 288.761 282.753 278.506 275.566 277.972 279.074 289.906 302.653 321.607 338.567
142.777 149.394 159.253 170.832 189.226 201.574 186.356 148.894 114.351 98.047 87.499 80.227 77.315 75.474 76.155 78.509 86.478 103.031 123.437 130.014 112.921 93.2 86.408 83.098 81.752 82.848 84.009 82.601 81.774 81.556 81.597 81.511 83.04 84.809 85.022 89.324 90.786 87.142 90.4 100.877 109.782 117.292 120.202 117.403 113.817 115.531 121.644 142.257 168.69 202.581 230.826 246.658 256.608 261.344 261.446 264.503 263.471 258.922 259.326 259.601 254.968 252.554 258.612 268.715 281.864 298.324 314.786
138.526 139.565 145.143 151.988 164.002 174.87 177.116 156.083 121.364 95.611 81.711 78.765 78.986 77.502 77.646 80.939 90.885 109.012 137.257 155.317 147.304 122.903 104.38 91.661 85.947 89.107 94.395 93.932 89.688 88.622 88.548 84.7 85.7 91.253 94.255 99.553 95.368 85.542 87.031 97.081 105.08 111.783 114.67 108.676 102.067 102.19 107.208 127.251 153.889 187.605 221.152 239.302 241.511 243.697 244.176 244.906 244.949 240.704 240.411 240.418 232.444 235.545 249.677 258.459 272.773 285.579 305.72
129.448 128.999 135.97 143.554 147.312 146.794 151.515 146.401 124.405 95.305 79.294 77.905 77.776 78.469 79.971 86.922 105.035 117.325 130.316 149.258 163.484 158.091 135.82 112.289 97.932 102.684 116.919 121.79 110.186 101.871 103.698 100.925 99.703 105.165 107.915 111.422 103.466 85.8 86.111 94.306 103.84 114.463 111.619 100.341 94.942 95.678 101.954 120.375 148.134 178.412 203.304 217.744 214.956 218.302 223.745 229.826 232.119 227.505 227.221 222.85 214.932 223.988 240.373 255.395 271.914 286.863 307.202
116.917 117.531 123.809 130.974 135.887 129.655 127.141 125.101 112.56 90.86 78.577 79.725 78.913 80.568 82.567 93.403 116.399 127.858 126.869 136.991 160.864 176.083 169.086 150.458 129.835 125.955 145.42 164.475 153.378 135.447 136.74 134.644 125.065 125.334 127.568 128.081 115.264 95.352 88.635 92.252 101.627 109.231 101.582 94.978 95.541 95.632 103.243 122.217 149.636 172.132 186.905 194.652 187.005 193.777 206.794 217.137 217.568 214.514 217.955 210.636 203.235 214.395 236.395 258.199 273.77 287.056 305.729
107.41 108.96 113.426 119.46 127.206 123.808 118.061 112.853 100.607 85.676 80.804 83.725 82.568 82.643 84.236 98.029 120.793 136.134 138.371 138.21 152.274 177.887 190.943 184.94 164.18 147.235 152.967 178.857 185.047 172.875 181.039 178.848 163.897 162.072 163.995 158.008 138.857 115.301 98.083 92.52 93.608 97.4 97.048 104.905 111.051 104.052 105.396 125.805 156.099 170.275 173.406 173.699 166.79 175.48 192.918 205.108 203.619 202.436 204.943 197.896 193.502 208.044 235.41 253.565 266.872 281.214 301.327
107.431 108.679 113.776 119.419 122.902 123.671 120.71 114.381 100.663 86.193 83.128 85.515 85.739 85.537 87.934 99.458 117.818 140.003 153.268 151.245 148.851 178.336 203.627 205.192 191.693 170.478 161.414 175.492 194.879 193.666 203.307 208.224 204.352 206.836 202.019 187.095 166.345 141.742 117.709 103.465 96.853 98.656 109.299 122.31 131.167 115.486 106.849 127.808 161.742 168.65 158.708 162.348 160.221 162.33 178.717 191.929 193.064 190.829 187.783 184.069 190.862 212.667 236.838 249.16 261.329 278.412 291.73
116.613 114.715 121.875 129.067 126.953 124.407 122.984 117.484 104.17 88.093 84.346 87.098 89.663 89.57 90.486 99.849 111.609 135.537 158.657 164.511 159.363 182.721 211.243 222.589 218.911 205.417 192.407 183.89 199.128 206.38 213.1 225.214 230.577 237.265 231.35 215.608 194.278 168.753 141.063 118.408 107.386 106.936 120.51 130.008 138.634 124.93 107.645 122.227 155.436 160.276 140.549 151.585 156.442 152.756 168.931 181.834 185.02 177.287 171.413 170.181 190.031 218.07 237.297 247.339 259.564 272.3 277.087
119.867 119.585 125.236 131.272 129.166 125.11 122.937 115.727 99.59 86.76 84.61 86.903 92.581 92.83 96.173 108.727 111.997 125.771 151.516 164.546 166.879 179.602 205.467 225.832 229.902 228.342 222.732 206.065 205.048 215.572 228.828 245.693 250.114 253.301 251.536 239.665 219.37 195.85 167.884 140.59 126.166 121.083 126.794 129.83 135.428 130.875 108.19 111.617 140.12 143.802 124.749 134.271 145.708 144.945 160.598 170.183 169.415 163.276 157.321 156.468 180.814 208.963 230.563 242.573 250.748 258.678 261.491
115.288 118.51 123.451 126.917 125.555 123.667 120.384 110 92.816 85.64 85.393 85.173 90.789 98.432 112.584 125.906 119.517 120.647 137.904 148.091 156.44 168.298 187.757 204.876 213.581 222.441 233.198 232.706 228.212 234.986 249.886 267.016 271.111 268.466 264.234 256.097 240.982 224.194 201.643 178.203 167.062 154.257 143.758 134.422 131.827 130.237 108.716 104.517 120.706 121.002 110.883 118.829 129.957 131.382 143.421 148.034 148.279 149.914 147.611 148.968 175.601 200.879 220.097 233.56 243.168 247.914 243.659
113.534 115.686 119.994 122.852 121.792 120.604 117.871 106.071 91.766 92.706 98.047 93.903 88.925 99.952 122.351 135.062 125.832 116.933 121.6 124.463 138.411 155.124 165.499 174.282 187.869 206.402 231.465 248.199 252.902 261.102 275.83 289.054 293.74 286.872 279.074 271.428 258.3 248.638 234.18 216.866 209.568 196.311 175.616 159.792 140.562 128.636 109.42 101.25 105.578 105.263 102.997 106.408 110.92 112.63 119.399 123.135 128.644 133.754 135.05 140.08 166.763 185.168 199.943 222.125 239.182 238.232 223.399
116.726 117.21 119.99 121.752 121.565 120.629 119.926 111.715 104.578 114.375 125.769 119.391 99.658 96.032 110.958 122.743 121.777 109.176 102.498 105.229 122.201 139.867 146.382 150.678 167.429 194.115 226.825 251.892 263.855 277.065 299.957 313.589 315.969 307.093 296.604 287.397 273.211 264.752 256.255 246.632 241.732 233.954 213.434 191.787 160.313 135.717 115.247 100.658 98.963 102.675 106.34 106.796 110.522 112.446 110.819 109.571 111.915 115.708 115.982 123.791 145.386 160.683 178.354 206.947 225.703 223.031 206.928
125.016 125.91 126.405 125.431 125.241 125.996 126.684 120.04 115.133 125.94 141.833 144.303 128.442 111.349 103.117 103.43 104.681 97.505 95.722 100.761 108.125 123.977 134.986 144.303 161.95 187.095 220.386 250.013 268.099 286.662 314.268 330.456 329.902 321.81 310.297 302.173 291.498 281.233 272.492 267.134 263.745 260.04 248.077 220.82 184.41 151.712 131.34 111.199 102.421 106.4 112.538 116.046 126.151 132.411 128.621 123.795 122.704 123.714 117.186 115.976 125.088 137.421 157.58 184.545 199.953 202.337 192.156
145.326 139.884 135.843 134.315 134.816 141.126 142.109 132.07 123.051 127.338 143.675 159.093 158.943 143.625 124.617 109.319 99.275 97.327 104.288 105.242 102.003 114.902 131.548 149.233 166.309 185.743 214.391 244.587 267.546 288.658 311.707 328.481 335.409 333.375 323.506 315.393 309.069 300.323 292.722 286.816 281.355 279.437 272.335 249.645 213.54 177.06 154.189 133.271 116.623 113.955 117.257 122.651 135.007 149.109 155.569 155.41 153.348 148.143 134.29 124.821 120.667 120.344 136.853 160.358 174.687 180.168 174.639
171.695 159.487 151.375 148.774 154.634 168.316 172.823 159.02 143.606 136.634 149.05 171.146 183.408 174.525 158.185 141.007 126.174 117.94 115.299 107.263 102.816 116.373 130.204 150.656 168.049 185.269 210 240.456 263.685 284.122 299.296 314.117 332.473 341.27 338.473 331.028 323.613 319.513 315.158 307.043 299.497 296.445 287.565 270.045 246.369 218.964 189.534 164.159 142.721 131.74 132.521 135.595 142.598 164.688 184.094 191.652 189.954 175.169 155.646 143.046 132.18 118.075 122.129 137.673 149.254 152.782 147.047
199.119 186.592 176.216 169.804 178.808 190.167 199.178 192.328 170.084 155.175 164.679 181.489 197.822 202.586 190.22 173.541 161.043 147.264 129.432 110.444 107.06 124.453 135.632 152.825 171.937 183.973 201.161 232.155 258.246 274.923 283.004 295.726 313.415 328.835 344.181 350.89 343.381 340.111 335.231 323.787 314.645 310.973 302.224 285.521 270.68 255.297 229.302 198.298 174.482 161.022 158.184 159.636 161.794 186.482 208.565 221.287 224.134 211.763 185.676 166.758 151.874 127.425 115.781 120.858 127.975 133.058 135.706
224.471 211.798 198.681 190.405 200.767 210.542 217.688 218.262 196.458 178.071 183.358 193.573 208.132 226.294 227.793 213.167 193.349 174.018 151.237 123.246 110.259 123.457 135.24 144.541 160.416 171.875 188.893 219.802 246.135 258.441 259.709 278.118 294.091 310.782 334.449 355.123 360.861 360.123 356.563 350.473 341.746 333.06 321.467 304.718 287.086 273.766 260.281 237.076 212.313 195.507 184.355 180.429 179.573 198.981 217.739 233.398 239.602 238.719 223.838 204.196 178.495 145.217 124.856 124.29 132.547 143.839 155.614
242.144 227.734 214.879 208.859 222.617 234.678 241.733 244.62 230.335 211.612 208.081 212.834 224.505 243.683 258.172 256.837 236.637 204.85 175.921 146.459 116.693 110.151 116.93 121.102 134.194 152.896 174.138 201.047 224.058 235.049 238.619 264.564 281.391 295.855 317.055 341.79 356.506 360.9 367.423 376.559 372.805 358.346 343.078 324.069 306.922 291.815 279.206 263.313 243.546 227.464 206.72 190.226 185.913 202.602 221.889 239.826 247.642 251.201 250.913 240.523 210.044 165.634 143.857 146.199 159.521 174.306 183.402
258.085 244.216 231.337 226.906 240.791 256.251 269.717 275.188 266.97 256.305 251.787 249.168 254.689 263.934 276.433 285.434 278.482 247.099 204.108 170.728 137.852 114.707 109.931 114.517 118.385 136.262 156.288 181.04 201.365 209.302 221.262 246.077 261.793 272.051 296.33 322.299 337.421 345.928 359.434 377.448 385.672 373.935 359.342 342.322 328.654 314.11 297.422 282.734 268.18 252.325 229.423 203.982 191.815 205.555 228.422 246.918 255.949 258.902 261.071 259.355 237.963 188.988 166.428 177.086 199.355 216.971 217.611
270.744 264.246 251.376 242.526 249.134 268.232 287.643 298.055 295.191 291.633 295.43 288.539 289.896 291.894 293.612 298.076 299.088 281.18 238.926 197.259 164.861 139.18 123.613 120.239 115.222 128.939 147.566 169.104 182.818 186.61 202.555 219.193 235.583 245.577 272.719 296.772 311.972 324.824 341.801 360.318 377.532 383.229 372.424 359.35 348.73 337.157 319.939 302.714 285.607 270.912 251.447 223.588 203.899 212.412 235.124 253.904 265.268 267.626 268.17 267.713 253.047 211.866 199.294 224.94 250.499 265.326 257.84
270.646 273.169 269.222 260.062 257.962 274.546 293.399 303.903 308.255 311.213 321.557 316.975 315.611 314.603 312.936 312.736 311.287 301.205 274.415 234.952 192.98 164.375 143.469 126.903 115.503 128.457 147.303 160.788 165.66 167.743 181.124 189.489 210.213 221.532 246.541 270.198 286.702 302.925 323.853 341.084 361.559 384.895 391.391 385.096 374.798 358.262 339.272 320.429 299.601 285.377 268.376 241.536 218.632 226.735 248.611 267.938 281.674 279.427 276.811 273.023 259.341 233.574 238.211 263.546 280.836 289.935 281.931
254.278 261.64 272.347 276.126 274.236 283.632 297.212 307.718 317.66 324.665 335.53 339.156 338.084 332.734 328.942 330.556 327.417 320.294 304.035 272.195 224.076 182.173 158.607 137.185 119.232 126.28 144.431 153.664 151.105 148.082 155.783 165.617 187.091 198.329 219.198 243.758 263.465 284.165 306.038 322.145 348.41 381.264 407.28 416.638 410.541 386.379 356.353 334.465 315.412 298.893 283.05 256.075 233.414 242.935 267.126 287.599 302.735 297.628 291.592 283.914 269.891 255.77 267.587 283.671 291.894 296.259 290.112
233.471 241.003 255.558 270.655 280.151 287.751 299.079 314.637 326.777 334.327 342.806 352.81 355.863 351.385 347.709 348.655 344.729 337.38 322.014 292.006 245.932 195.876 167.648 146.146 124.853 119.961 134.623 143.056 135.424 126.263 132.422 147.699 165.156 175.421 193.531 217.041 241.127 264.097 285.78 308.85 339.827 373.709 412.442 438.055 439.278 415.719 378.001 353.503 337.13 317.393 295.543 267.681 248.76 256.51 283.557 310.387 328.089 325.189 313.616 299.475 287.291 279.119 290.555 304.867 309.647 308.559 300.362
215.459 221.834 234.1 249.266 261.409 267.84 281.018 303.637 321.886 336.137 348.386 362.753 367.61 365.939 366.055 364.52 360.553 352.084 332.259 302.193 261.921 209.907 175.571 155.59 135.644 119.388 121.859 128.413 119.237 112.943 121.262 137.23 152.475 162.872 175.766 195.948 218.97 242.189 265.521 298.082 332.43 368.491 416.11 455.828 465.953 442.266 407.938 376.846 356.69 338.15 315.911 288.57 271.872 277.548 305.691 335.107 354.194 357.094 343.189 322.214 309.457 303.823 312.975 330.324 334.196 328.329 318.529
