Peta/JB/jb.asc
ncols         499
nrows         319
xllcorner     119.5498313681
yllcorner     -5.4150659422
cellsize      0.00083333333333332
nodata_value  -9999
[rows 210 to 239 of 319, columns 0 to 66 of 499]
47.752 47.987 47.407 46.875 47.049 48.801 50.99 52.58 52.627 52.098 50.829 51.89 53.891 56.594 57.281 55.455 55.706 57.297 57.703 57.766 59.407 59.172 60.471 63.049 64.456 64.221 63.188 68.222 74.714 82.111 91.739 86.632 78.538 75.693 76.455 76.207 76.177 76.263 77.855 79.855 81.183 81.422 83.139 85.387 87.073 88.25 91.092 99.469 109.433 117.38 122.815 131.141 143.796 155.293 160.607 168.941 174.494 173.421 177.783 182.186 179.864 166.462 158.571 162.638 166.976 172.225 185.371
48.705 48.703 48.047 48.159 48.581 50.127 51.545 51.841 52.138 52.466 51.752 52.926 55.458 56.892 56.528 57.159 57.284 57.705 57.875 57.954 58.544 58.654 61.299 63.594 65.986 67.303 65.57 70.475 80.493 89.607 96.404 87.634 80.279 77.407 77 77.297 77.798 77.616 78.568 78.892 78.73 80.138 81.435 83.482 85.891 88.517 91.427 97.75 105.465 111.353 114.38 121.051 131 136.247 137.216 140.507 141.652 140.302 146.43 153.145 152.326 143.147 138.099 144.054 149.691 152.768 163.9
49.172 49.799 49.755 48.42 49.062 50.705 51 50.828 50.89 52.344 53.284 54.299 56.766 57.861 56.706 58 58 58 58.172 58.407 58.047 58.831 61.014 63.187 65.797 67.307 66.717 70.641 81.279 89.325 89.182 82.956 80.281 78.455 78.159 78.284 79.221 80.864 81.159 80.268 78.581 79.877 81.002 82.547 84.904 88.139 90.685 94.589 100.32 103.328 105.156 110.845 115.458 114.999 115.828 116.654 116.858 119.743 125.35 130.174 128.201 125.32 125.284 129.027 134.275 141.447 156.167
48.482 50.25 50.169 48.407 48.719 50.593 51 50.703 50.594 52.25 53.185 54.766 56.782 57.183 56.953 57.53 58.987 58.58 58.705 58.875 58.877 59.705 60.422 61.967 63.73 65.185 66.469 69.862 77.151 82.063 82.008 79.717 80.171 79.58 79.924 81.256 83.369 85.134 83.974 82.44 81.036 82.036 83.036 83.347 83.264 85.683 87.275 90.119 93.772 94.879 97.023 100.392 103.001 101.441 99.354 100.856 103.096 107.392 111.594 114.338 112.919 114.079 118.336 122.827 132.433 145.034 161.452
50.038 51.911 51.849 50.27 49.409 50.125 50.593 51.047 51.409 52 52.939 56.051 58.379 58.679 57.518 57.188 60.047 60.159 60.159 60.159 60.284 60.752 61.456 62.112 62.766 64.657 65.779 69.438 73.56 75.76 77.554 78.953 79.013 79.765 81.346 84.395 88.554 90.539 87.552 85.317 84.444 84.864 85.973 87.352 85.963 85.692 86.002 87.327 88.79 90.795 92.151 94.449 97.041 95.82 94.237 94.967 97.277 100.697 103.821 105.569 105.853 108.168 114.214 122.267 137.415 152.685 167.766
50.779 53.469 53.986 51.986 50.407 49.828 49.89 51.642 52.815 52.689 55.679 59.445 60.644 60.343 59.613 58.99 60.532 60.937 61.815 61 61.172 61.705 62.125 62.64 63.706 64.875 65.596 68.844 71.263 72.089 73.167 77.073 78.986 81.568 82.878 86.41 92.397 94.958 91.02 89.194 89.415 91.154 93.22 94.403 92.401 91.748 90.935 90.824 89.398 90.063 89.435 91.512 93.024 93.482 95.392 96.099 95.782 96.808 98.524 99.991 102.088 106.203 112.375 121.878 138.815 157.586 176.55
47.29 51.385 54.171 53.158 51.69 50.283 50.002 51.719 53.171 53.079 55.746 59.73 60.591 60.297 60.875 61.221 62.27 61.878 63.33 62.911 63.271 63.159 63.332 64.333 66.036 66.911 68.038 69.644 69.545 69.888 71.141 75.076 79.141 82.53 84.926 89.163 96.853 99.648 94.725 94.524 99.129 103.65 104.613 103.264 100.968 104.555 105.03 101.99 97.267 96.124 95.975 93.023 94.649 99.033 103.02 104.769 101.798 99.183 98.742 98.111 101.708 107.505 118.393 128.773 144.614 164.818 186.361
45.659 48.451 53.466 56.022 54.38 51.862 51.284 51.829 52.593 53.517 55.536 57.842 59.013 60.062 61.752 62.878 64.158 63.237 63.42 63.717 64.468 64.752 65.284 66.346 68.284 69.221 70.989 70.641 68.765 70.049 72.395 76.632 80.286 83.629 90.058 95.265 100.991 104.756 101.152 103.628 112.022 119.103 119.087 117.715 113.149 116.922 120.112 115.175 106.512 104.652 108.329 104.855 107.451 115.94 120.958 118.976 114.631 107.171 103.694 102.669 103.472 107.25 122.719 139.188 155.209 174.268 198.245
46.815 46.797 50.761 56.59 57.378 53.862 53.159 52.987 53.049 55.223 57.519 56.78 56.73 59.076 62.642 64.754 65.862 64.862 64.159 64.112 64.469 65.877 67.096 68.693 69.58 70.471 72.752 72.315 70.568 71.409 73.313 77.436 80.827 85.489 94.802 105.597 111.026 112.781 112.176 119.844 131.133 139.145 142.341 143.658 132.35 130.699 136.185 131.167 118.099 114.63 121.74 123.249 125.405 136.094 143.143 137.361 128.05 114.117 107.332 107.098 104.516 105.815 121.893 144.664 163.983 182.595 207.798
47.343 47.284 48.798 52.775 55.083 54.64 54.987 54.283 53.829 55.609 58.343 57.565 56.409 57.797 60.745 64.372 66.875 65.766 64.013 64.64 65.754 67.456 69.051 71.504 72.147 72.458 74.629 75.145 73.395 72.58 73.251 75.56 78.746 84.341 94.139 110.594 123.203 125.333 128.562 142.009 156.559 166.391 171.848 170.69 154.673 148.171 152.069 145.717 135.497 132.381 138.154 143.516 146.131 157.601 168.103 160.601 142.63 124.677 112.544 108.516 105.328 107.476 122.713 144.846 167.849 190.235 213.249
48.049 49.332 49.817 50.078 51.2 54.359 56.455 55.69 54.752 55.831 58.062 59.33 58.567 58.284 59.596 63.313 66.937 66.971 64.456 65.237 66.014 67.89 69.891 72.766 74.627 74.817 75.422 76.343 75.565 74.504 74.927 74.939 79.161 85.634 94.492 112.619 133.312 144.567 149.915 163.237 181.35 197.394 203.379 200.345 186.402 172.047 166.38 160.587 156.611 156.385 157.394 163.294 171.262 184.847 199.741 191.254 161.247 139.99 122.361 111.256 106.392 111.009 124.35 142.219 165.764 187.883 204.036
49.581 50.877 51.455 50.862 51.176 54.424 56.765 57.158 56.284 56.877 57.954 59.013 59.64 59.987 60.127 62.436 65.56 67.106 67.036 67.786 68.493 69.804 70.471 73.127 75.234 76.862 76.284 76.877 77.33 77.161 78.301 78.965 82.116 91.119 104.902 126.413 152.998 174.351 181.248 190.133 207.895 225.447 234.844 233.362 218.177 198.694 184.28 180.674 180.383 181.601 179.867 183.504 193.062 206.122 222.475 218.665 185.32 154.532 132.308 113.264 107 113.787 124.69 138.359 155.671 172.332 185.284
51.692 52.393 53.974 53.034 53.114 54.422 56.359 58.283 57.752 58.112 57.828 57.89 59.939 61.69 60.877 62.127 63.842 65.263 67.075 69.469 71.174 72.33 72.286 73.705 74.844 77.06 77.407 77.297 78.689 80.444 82.147 85.87 89.346 100.819 119.887 143.543 174.237 200.438 213.042 223.652 236.109 250.089 257.809 258.589 243.158 223.015 208.417 202.409 204.552 211.347 210.007 210.175 216.859 224.303 236.963 239.946 216.059 176.713 145.896 120.58 109.524 115.19 125.099 133.213 144.645 163.593 184.664
54.505 53.424 55.687 56.319 55.802 54.877 56.424 58.812 60.036 60.098 58.11 57.939 61.003 62.75 62.456 63.456 64.456 65.284 66.079 68.372 71.25 71.668 71.386 72.37 74.25 75.09 76.073 77.469 79.596 82.344 84.77 90.16 96.4 107.227 124.61 146.735 175.084 201.028 222.073 239.348 249.791 259.155 262.807 270.02 262.551 245.06 234.804 226.822 229.654 238.911 241.716 243.948 248.774 249.971 254.19 254.185 238.496 200.947 163.412 134.456 118.959 117.855 120.848 126.834 139.656 164.133 189.661
58.13 55.741 57.63 59.567 58.268 56.284 57.346 59.878 61.36 59.949 57.763 58.251 60.263 61.95 63.877 64.877 66.049 67.332 67.395 67.548 69.668 69.653 70.752 71.831 73.765 74.58 75.127 76.842 78.387 80.448 83.919 89.748 96.638 105.904 119.65 138.646 162.656 188.127 210.637 227.859 237.091 239.495 245.508 256.709 259.967 259.7 257.481 253.198 252.394 257.541 261.724 266.616 272.319 273.093 269.817 266.505 254.394 222.056 181.913 150.397 129.686 121.833 118.771 123.156 138.38 163.909 189.019
58.635 59.679 60.223 62.27 60.268 57.987 58.299 60.594 61.406 59.281 57.532 57.89 59.125 60.436 63.31 64.717 66.187 68.297 69.439 70.556 70.098 69.471 71.705 72.297 73.422 74.765 75.705 76.469 78.221 80.458 83.77 88.673 94.499 105.427 115.846 127.409 146.197 168.169 187.476 197.494 202.213 206.762 216.08 226.465 237.147 254.927 269.272 276.437 275.274 275.094 274.724 279.099 284.063 285.667 282.471 281.382 271.192 241.535 200.913 168.398 142.21 127.165 123.588 124.321 135.295 158.227 182.142
56.216 61.452 63.57 64.393 61.516 58.875 58.829 59.67 59.667 57.839 56.716 57.014 58.42 58.967 60.683 62.839 66.643 69.801 73.024 77.277 76.217 72.336 72.172 72.877 73.705 74.422 75.42 76.187 80.613 88.08 91.223 90.867 92.421 101.757 108.577 115.798 128.619 144.329 159.678 165.361 169.351 180.453 190.327 202.693 218 240.891 265.314 284.23 291.89 293.589 292.299 297.866 302.211 302.16 297.058 293.608 286.203 262.386 221.48 189.074 161.796 140.372 134.177 129.967 129.605 145.387 165.834
54.391 59.167 63.839 65.344 61.232 58.248 57.668 57.433 57.246 55.888 56 56.594 58 58.297 59.469 62.707 69.616 74.088 76.067 82.035 83.054 76.083 73.284 73.705 74.344 75.284 75.924 77.803 85.214 98.063 99.65 94.317 90.234 93.268 98.565 104.72 112.87 125.025 135.562 140.825 148.883 165.219 177.572 189.895 206.159 229.051 254.692 279.1 296.469 309.489 315.744 325.093 334.685 331.975 320.467 306.352 297.637 284.131 248.87 214.679 186.99 159.921 148.116 137.086 127.912 134.713 147.245
55.458 58.3 62.266 64.981 62.614 57.938 56.123 55.373 55.356 55.188 54.605 56.014 57.937 58.94 59.187 63.204 70.625 75.591 76.266 80.996 83.978 79.661 75.567 75.332 76.505 78.491 79.493 83.12 94.021 108.096 106.637 96.266 89.515 89.847 91.54 96.131 101.474 110.435 119.294 126.956 139.749 155.255 168.641 183.417 201.88 224.381 246.215 269.158 290.676 313.166 332.031 349.646 362.813 359.892 345.217 323.919 308.613 300.309 278.91 244.686 209.382 177.021 159.355 145.339 131.98 128.258 132.28
55.137 59.299 61.547 63.263 63.042 59.096 55.594 53.308 53.498 53.651 53.657 55.124 59.395 61.208 59.299 62.907 68.639 71.866 73.573 77.683 82.937 82.549 78.442 78.381 80.273 81.801 84.257 89.621 101.841 114.27 114.117 103.407 93.371 92.537 92.385 93.314 95.292 102.245 111.933 121.373 133.022 140.834 155.166 178.15 202.71 225.788 245.856 264.474 285.331 309.109 334.845 359.163 373.489 377.361 365.885 343.87 325.062 312.063 298.371 267.754 221.879 189.291 174.496 161.937 149.208 141.825 139.208
52.748 58.372 61.125 61.373 61.011 59.576 56.266 53.112 52.875 52.657 52.716 54.203 60.078 62.342 59.187 62.266 65.683 67.62 70.904 75.453 81.324 83.388 82.538 83.088 83.504 85.038 88.616 95.981 105.335 112.759 116.449 112.006 101.389 98.355 98.933 97.871 96.338 99.235 106.21 113.549 121.245 123.649 140.357 173.343 205.432 233.554 254.428 268.077 284.427 304.999 328.822 353.768 373.577 386.851 386.088 367.444 343.336 323.751 310.138 282.384 230.913 200.39 191.944 182.778 174.757 167.788 158.715
51.501 55.339 59.778 60.531 58.387 56.209 56.169 54.11 53 52.703 52.344 54.081 57.355 59.193 58.139 60.732 63.31 65.436 69.201 74.375 80.361 84.221 86.505 87.725 86.396 87.691 91.834 97.75 104.966 111.816 120.919 123.083 112.064 106.686 106.936 104.868 103.686 100.649 100.525 104.804 110.642 115.216 134.008 167.999 201.523 236.109 257.983 272.241 287.59 305.402 321.778 343.975 369.213 389.674 398.365 386.328 358.625 338.288 324.868 299.236 249.029 219.302 212.943 204.613 197.171 187.883 174.786
51.125 52.686 56.228 57.272 55.588 53.202 53.901 53.998 52.656 51.888 52.422 53.373 54.027 56.185 57.939 61.74 65.211 65.299 68.313 73.5 79.389 82.745 87.186 92.523 93.391 92.543 96.949 100.276 104.895 113.082 127.165 135.325 127.573 122.079 119.853 114.332 110.476 103.784 99.754 102.081 105.449 112.248 130.624 160.101 190.711 225.715 253.102 271.31 287.169 302.615 317.546 338.236 361.398 384.175 400.748 399.997 379.427 356.576 339.094 320.018 284.106 249.837 235.5 227.016 219.708 210.475 198.374
49.198 51.139 52.793 52.853 53.011 51.951 50.918 51.149 51.183 51.297 52.469 53.283 53.299 55.766 58.596 63.252 68.205 67.396 68.94 74.411 79.989 81.768 88.287 98.84 101.228 99.417 107.129 111.352 112.677 119.833 135.083 146.751 147.954 144.806 134.63 124.388 115.114 109.541 109.289 109.615 107.557 112.257 127.865 153.076 180.885 212.27 243.047 263.549 279.707 295.336 312.996 333.056 354.058 376.308 397.478 408.895 400.928 377.749 355.261 343.533 324.047 290.176 258.663 245.728 239.649 235.111 228.466
48.127 49.842 50.888 50.78 50.605 51.171 49.938 48.717 49.717 50.89 52.594 53.531 53.187 55.719 58.656 63.095 67.37 68.875 70.926 78.51 82.974 83.692 90.914 102.236 108.024 108.708 119.316 128.717 128.216 133.84 151.676 166.51 170.067 164.475 146.639 134.107 122.78 118.045 122.832 124.712 119.292 115.73 122.617 144.113 172.727 205.362 236.438 258.643 275.753 291.831 308.733 328.265 349.86 370.982 394.361 413.037 414.542 400.059 378.18 366.312 354.816 328.025 290.759 267.367 255.869 252.864 250.039
46.73 48.31 50.062 50.813 49.422 50.593 50.453 49.112 49.125 49.842 51.607 53.343 53.706 56.455 61.556 66.369 68.633 69 71.626 79.795 83.654 83.451 90.06 100.763 111.97 118.359 130.144 145.944 154.643 163.425 182.173 193.609 189.059 174.691 158.892 148.416 134.565 128.63 133.469 138.642 132.893 117.985 117.375 136.248 164.887 198.35 232.873 256.781 274.422 290.406 306.722 323.527 346.091 366.702 390.011 412.512 420.941 416.983 400.715 386.185 375.662 359.427 327.395 290.295 273.012 267.633 264.458
46.174 48.346 50.534 51.218 50.692 50.188 48.964 48.136 48.013 49.062 51.127 52.89 54.814 58.991 66.618 74.327 78.24 73.419 71.675 77.168 81.996 84.224 91.274 104.094 118 129.96 145.471 165.914 184.074 199.181 218.214 221.889 205.913 187.618 175.419 163.894 146.859 142.525 145.664 152.289 146.221 124.829 119.012 133.677 160.628 191.362 223.423 250.646 272.062 288.204 303.651 319.517 340.009 359.96 380.316 403.199 420.385 426.005 418.694 403.476 392.069 383.824 355.93 314.193 291.763 282.46 277.753
49.837 52.088 51.47 49.966 49.792 48.307 47.123 46.593 47.469 49.127 50.717 52.187 55.705 62.116 70.413 80.179 86.584 79.585 73.975 79.37 86.578 92.316 101.745 114.24 129.272 146.814 168.998 194.665 215.964 235.519 251.584 252.013 232.83 211.965 195.046 180.006 162.779 156.943 159.726 167.697 163.554 146.245 131.157 129.966 153.066 183.585 210.095 237.511 263.733 283.79 299.498 314.181 331.317 351.13 368.644 387.056 407.957 421.903 428.408 421.261 408.167 399.874 379.808 345.204 316.794 298.604 292.148
55.729 55.863 51.232 48.076 46.839 46.185 46.875 46.877 48.002 49.297 50.297 51.891 55.907 62.625 70.687 80.985 89.14 85.382 79.371 84.588 91.065 98.709 111.966 124.721 141.193 161.617 187.447 219.361 245.497 268.72 286.011 285.645 271.089 250.849 223.912 202.255 185.913 178.308 176.596 182.459 182.918 169.777 148.961 133.115 142.964 168.476 192.943 221.794 252.395 276.992 295.371 307.916 323.009 343.055 360.04 374.554 393.393 408.527 425.47 434.321 425.934 414.601 402.634 381.112 352.854 326.587 310.75
55.806 54.711 49.888 45.667 44.136 44.435 46.185 47.297 48.642 50.456 51.112 51.719 54.858 60.513 69.156 80.91 90.926 89.596 83.864 88.523 90.969 98.014 112.951 125.918 142.401 165.767 196.971 235.262 265.405 289.263 309.052 315.771 309.367 291.111 262.104 234.633 215.361 205.573 197.129 197.307 200.006 189.933 169.452 145.068 138.567 155.021 180.793 210.416 241.88 267.91 289.915 301.335 314.96 333.112 349.715 366.947 383.865 398.87 418.699 439.126 445.354 437.448 425.707 412.081 393.837 368.364 342.513
