Peta/JB/jb.asc
ncols         499
nrows         319
xllcorner     119.5498313681
yllcorner     -5.4150659422
cellsize      0.00083333333333332
nodata_value  -9999
[rows 90 to 119 of 319, columns 402 to 468 of 499]
1217.263 1229.11 1240.679 1254.137 1263.915 1278.559 1293.212 1311.106 1331.677 1335.014 1324.595 1328.432 1333.19 1341.514 1344.409 1352.203 1364.504 1385.536 1400.673 1400.962 1409.717 1425.903 1426.506 1422.596 1432.595 1442.089 1442.115 1436.389 1435.219 1452.389 1471.891 1481.791 1484.102 1479.776 1469.247 1456.489 1454.772 1462.472 1467.334 1454.904 1438.985 1435.818 1447.471 1447.664 1431.124 1424.798 1423.043 1419.28 1426.96 1419.107 1398.812 1374.909 1352.218 1341.129 1341.532 1332.474 1316.179 1304.026 1323.787 1333.601 1306.95 1285.309 1290.248 1302.657 1314.627 1336.491 1358.325
1227.867 1242.245 1259.084 1277.077 1282.414 1291.943 1305.85 1320.512 1329.294 1324.763 1319.711 1322.576 1327.821 1335.787 1341.559 1356.553 1372.798 1389.14 1404.006 1408.359 1413.697 1430.127 1437.869 1433.742 1432.598 1442.57 1451.24 1449.762 1441.169 1450.426 1472.098 1485.864 1489.257 1483.485 1470.906 1468.164 1476.55 1479.042 1476.913 1465.025 1453.712 1449.448 1456.814 1448.659 1430.896 1435.406 1437.203 1428.88 1433.747 1422.974 1406.881 1394.401 1373.711 1372.714 1381.858 1362.453 1330.737 1317.315 1328.359 1309.208 1294.245 1301.79 1315.245 1319.249 1327.451 1351.236 1373.76
1245.928 1259.016 1278.862 1302.959 1308.422 1307.549 1313.872 1318.968 1315.544 1305.61 1304.634 1311.493 1326.297 1336.536 1342.617 1355.587 1377.616 1392.224 1406.534 1417.091 1418.484 1428.78 1440.935 1445.106 1437.673 1437.684 1448.379 1453.29 1448.357 1450.882 1473.163 1487.424 1492.957 1489.447 1480.695 1480.551 1489.527 1489.057 1483.131 1474.154 1464.13 1464.025 1468.817 1457.936 1437.875 1445.237 1450.345 1445.503 1448.168 1436.9 1425.609 1415.784 1397.529 1405.257 1406.644 1376.804 1337.002 1327.982 1331.244 1303.562 1304.466 1323.4 1332.692 1333.042 1345.379 1368.173 1387.336
1268.992 1280.902 1297.584 1321.636 1324.635 1312.495 1303.013 1300.416 1295.998 1289.524 1293.204 1309.236 1335.015 1351.917 1358.751 1357.62 1371.672 1387.739 1405.782 1421.61 1425.607 1428.897 1442.023 1451.927 1448.156 1442.176 1446.79 1450.963 1453.643 1452.713 1472.594 1486.687 1494.751 1497.149 1493.125 1490.423 1496.887 1496.087 1490.231 1479.97 1472.03 1477.053 1474.204 1458.071 1443.223 1454.077 1463.518 1461.851 1464.363 1456.779 1444.326 1430.357 1420.604 1428.296 1414.281 1378.231 1339.684 1332.667 1332.04 1304.411 1304.847 1327.857 1346.034 1353.131 1367.495 1391.016 1404.409
1295.689 1305.524 1314.815 1322.725 1310.17 1291.255 1280.072 1277.198 1275.386 1276.558 1289.831 1314.319 1342.359 1365.066 1377.321 1368.029 1366.989 1386.415 1413.12 1427.846 1431.303 1431.727 1442.407 1453.937 1457.65 1455.414 1454.847 1451.665 1454.903 1453.897 1467.977 1484.232 1493.513 1500.046 1501.727 1500.644 1503.949 1502.116 1499.106 1489.723 1481.738 1477.333 1464.17 1456.061 1452.917 1462.283 1473.604 1477.794 1483.331 1477.734 1459.737 1440.931 1435.832 1427.007 1397.742 1365.08 1345.636 1338.484 1328.968 1309.029 1320.842 1342.472 1359.87 1367.656 1384.101 1412.122 1425.691
1329.168 1339.785 1338.817 1318.403 1284.039 1257.835 1255.428 1257.425 1261.172 1273.414 1295.363 1321.75 1345.021 1367.172 1384.37 1383.565 1377.111 1384.611 1407.675 1425.153 1431.353 1435.226 1442.396 1452.513 1463.474 1467.517 1462.693 1455.616 1458.697 1454.458 1457.249 1473.225 1483.745 1490.742 1498.826 1505.125 1509.177 1509.859 1508.044 1497.408 1485.547 1470.576 1469.249 1480.531 1482.519 1478.884 1483.032 1496.563 1505.002 1494.613 1469.207 1446.977 1432.122 1403.539 1381.79 1375.235 1364.103 1344.632 1333.321 1329.717 1350.561 1361.26 1367.677 1375.561 1391.421 1420.054 1437.709
1333.975 1342.15 1328.542 1297.278 1260.279 1242.728 1255.389 1260.341 1264.539 1277.576 1295.56 1316.359 1336.419 1355.698 1370.92 1383.448 1392.408 1393.396 1395.059 1407.452 1420.897 1434.338 1443.816 1454.59 1468.103 1476.214 1469.369 1460.103 1465.039 1460.42 1454.825 1467.209 1476.734 1480.917 1487.201 1499.329 1509.715 1516.445 1514.66 1502.933 1485.557 1473.435 1491.165 1513.31 1519.644 1511.593 1503.94 1517.053 1522.053 1504.959 1478.12 1450.63 1421.379 1404.432 1404.715 1397.214 1371.67 1351.73 1340.365 1340.38 1361.767 1370.761 1373.029 1383.42 1398.317 1422.463 1442.367
1298.96 1305.867 1282.087 1250.968 1233.179 1247.453 1286.847 1289.059 1283.603 1288.214 1297.986 1313.199 1332.15 1350.539 1362.271 1378.489 1398.659 1406.635 1399.255 1403.738 1415.352 1431.687 1445.552 1456.753 1468.937 1481.128 1478.966 1467.721 1469.787 1470.387 1465.963 1477.872 1487.908 1487.461 1490.087 1503.12 1511.135 1518.406 1519.004 1508.44 1487.954 1481.876 1505.77 1535.716 1556.262 1550.274 1531.421 1533.914 1535.485 1514.434 1484.782 1457.674 1437.816 1434.797 1425.978 1396.486 1371.421 1364.022 1346.322 1343.419 1367.973 1378.559 1384.948 1396.843 1408.444 1426.921 1446.397
1248.125 1254.405 1234.185 1211.809 1216.128 1252.411 1296.544 1299.074 1293.64 1295.817 1303.649 1319.154 1340.148 1357.251 1367.437 1384.208 1405.49 1419.693 1419.149 1418.876 1419.545 1428.56 1445.264 1461.53 1474.788 1485.683 1487.82 1477.625 1473.116 1477.568 1477.204 1487.777 1499.413 1498.794 1500.297 1511.021 1517.374 1520.741 1524.165 1513.536 1491.799 1489.75 1514.913 1544.292 1569.76 1565.129 1549.516 1545.034 1539.446 1514.514 1480.382 1464.785 1454.43 1443.51 1426.533 1395.144 1379.44 1376.92 1350.515 1345.069 1368.773 1384.037 1395.812 1407.604 1419.536 1435.615 1453.378
1196.552 1197.939 1195.47 1192.746 1208.528 1245.805 1280.066 1283.406 1280.089 1284.076 1297.371 1319.921 1341.607 1350.536 1359.097 1378.618 1401.888 1421.016 1432.051 1437.229 1433.375 1432.63 1445.288 1467.071 1484.42 1493.595 1493.882 1483.752 1475.49 1480.031 1485.311 1492.652 1506.043 1511.21 1512.261 1517.093 1525.668 1531.026 1532.609 1523.842 1504.294 1496.126 1515.918 1544.241 1563.19 1559.734 1551.553 1546.32 1532.512 1505.05 1476.827 1468.05 1448.587 1428.658 1418.458 1399.936 1391.569 1388.684 1354.443 1342.751 1362.635 1384.641 1399.66 1414.2 1432.447 1448.59 1463.879
1166.097 1172.167 1181.298 1189.132 1202.533 1224.453 1249.174 1256.807 1259.737 1269.674 1293.808 1317.945 1328.834 1327.068 1334.758 1356.355 1380.589 1402.949 1424.352 1440.33 1445.773 1445.54 1449.735 1467.784 1487.908 1500.148 1497.94 1488.662 1482.501 1485.376 1492.589 1499.282 1513.889 1527.495 1531.8 1532.739 1538.48 1546.698 1543.596 1539.192 1528.696 1508.736 1511.284 1532.945 1548.092 1550.168 1544.957 1535.286 1517.026 1493.848 1481.963 1479.241 1452.739 1422.003 1407.856 1404.283 1408.49 1396.436 1357.606 1344.401 1365.99 1388.877 1401.491 1420.247 1445.177 1461.664 1473.358
1170.626 1183.772 1194.962 1197.585 1203.573 1210.548 1221.959 1232.832 1244.745 1266.085 1293.143 1307.256 1307.006 1303.404 1314.951 1335.182 1354.418 1374.754 1402.838 1428.653 1437.987 1446.515 1452.221 1465.563 1484.871 1500.244 1502.85 1497.594 1492.343 1493.184 1503.992 1514.911 1529.82 1549.086 1562.04 1565.235 1566.578 1565.079 1553.669 1551.359 1544.722 1527.462 1522.323 1524.299 1540.409 1549.714 1540.308 1520.772 1503.447 1495.998 1502.377 1497.183 1459.287 1422.98 1406.739 1412.069 1409.074 1385.14 1357.599 1357.642 1385.063 1402.748 1416.117 1438.473 1458.7 1472.723 1481.294
1204.683 1207.546 1207.521 1210.301 1217.468 1223.165 1224.421 1230.331 1238.612 1262.077 1276.103 1280.573 1278.871 1281.623 1298.978 1314.954 1327.46 1343.019 1363.999 1383.865 1398.587 1420.927 1436.567 1458.786 1475.924 1493.846 1507.019 1506.275 1500.448 1500.969 1516.237 1532.839 1550.3 1573.604 1597.524 1605.329 1595.836 1574.922 1557.515 1556.676 1550.878 1543.71 1540.457 1534.704 1551.221 1558.765 1548.987 1531.806 1514.213 1505.079 1508.784 1491.924 1449.589 1422.083 1414.096 1412.899 1389.3 1364.87 1359.847 1376.617 1401.832 1416.661 1428.512 1455.532 1477.77 1489.258 1488.774
1238.322 1225.692 1213.119 1225.339 1238.506 1245.906 1245.195 1243.366 1246.515 1259.033 1260.099 1257.083 1256.255 1263.434 1280.286 1291.245 1300.211 1315.183 1333.412 1349.469 1370.277 1394.99 1418.068 1439.337 1457.575 1483.691 1504.866 1511.755 1510 1511.539 1524.593 1542.872 1566.635 1597.527 1628.877 1634.455 1612.982 1585.111 1571.868 1567.62 1558.107 1548.733 1548.937 1555.007 1564.441 1560.508 1549.48 1537.338 1517.868 1496.595 1487.813 1466.131 1438.59 1429.581 1430.758 1407.675 1374.588 1364.439 1375.355 1391.635 1403.891 1413.055 1425.211 1458.612 1492.957 1506.161 1499.566
1247.932 1233.01 1229.792 1245.147 1263.325 1269.509 1268.127 1268.407 1280.183 1290.727 1280.768 1266.058 1260.862 1263.255 1279.318 1292.313 1300.754 1314.516 1337.22 1357.901 1371.237 1384.516 1402.147 1419.901 1447.443 1481.92 1505.355 1516.665 1519.386 1524.899 1536.45 1552.039 1579.681 1617.395 1645.08 1638.121 1620.292 1605.128 1590.43 1572.884 1559.38 1549.55 1553.59 1565.945 1568.922 1556.116 1537.747 1517.942 1500.003 1483 1470.527 1455.074 1445.898 1454.102 1448.19 1402.905 1372.452 1381.439 1404.1 1419.218 1422.322 1420.148 1425.708 1451.683 1481.76 1497.445 1492.351
1246.651 1236.599 1249.12 1264.126 1282.13 1293.551 1291.914 1293.41 1310.22 1321.629 1304.807 1289.154 1281.735 1277.281 1291.004 1312.658 1322.617 1327.866 1348.624 1373.547 1388.35 1393.127 1402.038 1423.83 1453.982 1486.685 1509.729 1518.312 1522.375 1530.173 1541.169 1557.459 1587.845 1623.226 1640.304 1627.933 1614.448 1607.885 1592.356 1576.164 1568.494 1565.04 1567.628 1576.622 1571.629 1558.115 1538.995 1514.547 1499.175 1493.504 1486.815 1485.796 1483.886 1479.898 1450.932 1399.987 1377.826 1400.628 1432.136 1453.283 1454.139 1447.64 1446.867 1454.591 1468.045 1483.993 1481.882
1261.381 1247.077 1256.678 1273.932 1294.82 1318.054 1322.397 1318.001 1326.076 1332.963 1320.196 1311.427 1304.128 1293.262 1297.527 1325.561 1341.602 1339.682 1346.871 1365.239 1380.201 1390.188 1404.575 1428.421 1453.07 1479.576 1503.244 1515.039 1522.424 1531.178 1542.525 1559.152 1584.04 1609.566 1618.72 1613.375 1600.54 1597.854 1601.465 1598.926 1596.195 1592.951 1595.587 1599.167 1583.025 1564.491 1548.492 1529.99 1521.717 1516.673 1511.719 1509.648 1498.871 1474.063 1438.175 1402.422 1389.057 1421.886 1459.616 1480.743 1479.612 1473.737 1473.694 1468.884 1469.562 1480.387 1479.227
1286.797 1273.132 1271.277 1285.28 1305.461 1327.077 1337.058 1339.242 1347.058 1348.749 1338.056 1334.032 1326.485 1310.855 1306.482 1328.897 1353.652 1358.127 1358.136 1368.19 1382.92 1398.705 1415.995 1439.289 1459.864 1478.083 1498.444 1516.323 1529.16 1539.695 1549.392 1561.743 1575.121 1587.796 1596.048 1598.648 1589.689 1588.396 1604.593 1616.806 1620.18 1615.466 1614.782 1614.992 1594.633 1565.823 1549.534 1542.623 1539.185 1531.436 1521.146 1506.816 1485.314 1464.304 1441.133 1412.453 1400.038 1431.103 1469.278 1494.586 1496.502 1489.645 1485.816 1480.136 1476.155 1481.036 1479.832
1300.145 1299.684 1303.06 1311.197 1321.492 1331.079 1340.747 1344.609 1354.115 1360.174 1356.121 1356.551 1350.035 1333.316 1325.354 1326.472 1346.896 1362.343 1373.089 1389.804 1406.584 1421.579 1436.503 1457.185 1472.97 1484.37 1498.269 1514.46 1531.762 1546.928 1555.071 1560.95 1567.552 1574.553 1584.384 1587.828 1580.874 1577.8 1589.413 1606.812 1613.839 1612.092 1616.637 1613.11 1591.035 1564.21 1553.546 1553.896 1547.166 1537.926 1526.992 1515.586 1502.182 1490.787 1468.453 1431.281 1406.748 1430.914 1470.767 1501.138 1506.856 1498.43 1494.19 1490 1485.393 1486.716 1481.688
1293.758 1306.591 1316.934 1320.913 1326.05 1334.971 1347.384 1353.449 1361.156 1368.375 1373.901 1382.511 1380.581 1361.282 1346.887 1335.407 1347.779 1363.203 1384.182 1412.476 1434.586 1445.25 1449.019 1461.028 1472.96 1484.575 1500.102 1516.628 1533.263 1548.503 1555.498 1556.65 1560.255 1567.616 1578.258 1577.027 1569.321 1568.362 1579.327 1591.613 1595.678 1599.365 1605.178 1594.611 1578.001 1564.828 1557.518 1553.811 1547.929 1541.408 1533.633 1530.233 1528.259 1520.007 1492.817 1446.066 1412.874 1432.748 1477.91 1511.132 1512.989 1504.695 1505.376 1499.605 1495.86 1494.402 1484.096
1284.746 1301.055 1308.81 1313.237 1323.252 1336.508 1349.344 1358.59 1366.668 1375.383 1385.452 1397.918 1403.186 1391.168 1372.103 1361.049 1377.658 1395.457 1415.109 1436.563 1453.392 1461.416 1461.244 1464.565 1470.612 1484.851 1505.638 1527.929 1542.085 1549.207 1552.212 1551.007 1553.005 1562.67 1572.977 1568.849 1559.628 1563.812 1577.064 1583.067 1583.642 1584.568 1582.408 1571.84 1561.485 1557.961 1552.453 1545.237 1541.47 1541.792 1539.994 1537.556 1536.503 1529.093 1506.724 1465.483 1430.67 1436.236 1480.853 1517.394 1519.415 1512.532 1514.902 1509.703 1506.237 1499.673 1489.824
1283.258 1292.438 1304.971 1315.205 1322.738 1327.946 1338.067 1348.304 1362.948 1376.688 1389.363 1403.59 1409.752 1407.912 1398.516 1393.088 1408.871 1426.219 1437.187 1445.812 1456.328 1466.504 1472.169 1473.514 1473.996 1488.26 1510.465 1534.57 1546.202 1547.448 1548.15 1544.928 1546.321 1557.101 1568.492 1568.047 1557.707 1561.656 1575.217 1577.446 1576.978 1571.251 1563.274 1556.463 1548.721 1546.953 1544.8 1539.194 1535.056 1537.303 1539.678 1535.49 1527.958 1519.061 1502.155 1469.909 1439.128 1439.795 1482.359 1520.398 1529.218 1522.707 1521.976 1521.253 1515.152 1505.242 1499.503
1272.781 1284.164 1303.153 1311.514 1311.514 1320.437 1333.557 1346.642 1362.979 1374.357 1386.934 1402.867 1413.006 1418.238 1420.09 1422.106 1430.38 1438.594 1445.453 1450.314 1458.244 1469.005 1478.258 1483.468 1483.585 1493.483 1512.101 1529.723 1539.78 1541.896 1542.675 1541.482 1540.729 1546.985 1555.895 1558.75 1552.701 1558.906 1572.73 1573.746 1573.117 1569.111 1559.035 1549.884 1542.164 1536.859 1535.028 1530.841 1524.557 1521.497 1528.332 1532.074 1521.172 1501.553 1478.057 1453.927 1450.074 1463.994 1495.466 1525.311 1535.832 1529.536 1527.838 1531.498 1523.698 1514.783 1508.057
1257.952 1273.628 1283.205 1284.501 1289.245 1310.65 1329.423 1343.111 1355.085 1370.165 1386.619 1398.968 1410.161 1419.646 1429.675 1440.317 1448.73 1453.517 1457.147 1457.856 1458.593 1465.85 1478.231 1489.894 1496.818 1507.472 1522.312 1532.475 1539.027 1539.941 1537.056 1536.926 1534.255 1535.234 1540.09 1543.366 1548.296 1559.401 1568.759 1568.52 1568.288 1568.289 1562.032 1555.344 1547.393 1537.984 1529.328 1516.724 1506.543 1502.569 1514.608 1530.228 1523.485 1495.261 1466.762 1457.48 1490.433 1505.105 1513.33 1528.913 1539.41 1535.683 1534.154 1540.01 1534.017 1523.601 1515.357
1243.339 1254.213 1260.283 1268.404 1283.769 1308.815 1330.55 1342.499 1348.818 1365.593 1383.035 1395.636 1405.813 1414.308 1429.359 1444.469 1453.589 1458.351 1457.612 1452.462 1448.664 1454.058 1466.319 1480.661 1492.412 1508.499 1525.146 1535.104 1541.296 1540.468 1529.157 1527.48 1532.297 1538.773 1543.165 1546.949 1555.54 1562.022 1564.04 1562.741 1563.808 1564.258 1562.011 1559.638 1553.358 1545.679 1532.647 1512.286 1497.576 1492.964 1501.501 1519.725 1523.785 1498.315 1472.125 1486.257 1524.38 1528.482 1526.801 1536.084 1545.339 1544.608 1541.029 1547.291 1542.038 1530.82 1525.521
1240.544 1251.254 1264.627 1282.48 1299.979 1314.372 1328.268 1339.482 1346.904 1359.414 1374.285 1389.946 1396.149 1402.774 1418.556 1432.315 1438.92 1442.369 1443.36 1443.502 1451.573 1456.793 1461.496 1471.232 1481.073 1492.414 1507.026 1518.759 1527.184 1524.624 1518.964 1528.689 1541.573 1550.298 1553.589 1557.513 1560.782 1560.744 1558.458 1557.914 1562.36 1560.558 1556.661 1553.53 1550.443 1547.448 1539.034 1524.366 1506.635 1490.782 1491.07 1503.339 1509.899 1494.739 1480.203 1506.26 1531.027 1533.25 1537.235 1547.395 1555.16 1553.714 1549.251 1553.994 1548.946 1540.704 1536.345
1251.273 1264.572 1280.713 1299.726 1316.662 1326.389 1335.44 1349.4 1361.608 1372.86 1381.113 1391.466 1394.185 1396.115 1406.836 1415.384 1423.138 1432.015 1438.757 1448.258 1465.035 1472.962 1474.907 1481.501 1490.769 1494.844 1499.826 1505.559 1514.366 1516.679 1521.836 1539.427 1552.673 1555.864 1556.956 1557.588 1554.154 1551.808 1549.418 1553.48 1559.68 1556.554 1549.52 1544.533 1543.598 1541.939 1537.91 1530.665 1519.038 1501.763 1492.064 1487.308 1485.77 1487.106 1494.911 1519.376 1534.293 1538.311 1543.478 1553.881 1564.058 1561.384 1556.448 1559.412 1555.649 1547.064 1545.278
1249.389 1261.072 1275.678 1294.79 1313.166 1327.64 1340.039 1359.219 1374.725 1389.684 1398.574 1405.624 1408.293 1406.765 1411.366 1418.292 1427.513 1437.126 1445.436 1456.544 1470.677 1480.236 1485.381 1494.5 1505.906 1512.433 1515.785 1519.044 1525.882 1532.928 1537.8 1547.138 1555.717 1556.42 1555.34 1550.062 1543.374 1543.364 1547.038 1553.085 1553.88 1551.019 1545.464 1539.324 1535.957 1529.601 1525.989 1523.952 1519.361 1508.618 1495.419 1482.345 1479.31 1490.299 1511.889 1534.745 1544.614 1548.269 1548.512 1555.286 1568.659 1571.282 1565.675 1566.296 1560.566 1553.372 1556.445
1252.431 1264.06 1279.128 1297.516 1311.236 1325.399 1338.949 1354.759 1371.461 1392.109 1405.737 1410.948 1411.345 1413.356 1419.571 1425.803 1431.055 1441.705 1451.807 1459.975 1467.807 1471.916 1476.474 1489.276 1503.828 1514.565 1521.474 1530.062 1537.304 1543.408 1547.161 1549.847 1553.965 1553.055 1547.607 1540.56 1539.626 1544.73 1552.043 1555.848 1551.987 1546.73 1541.208 1533.299 1530.27 1528.309 1526.661 1525.798 1521.026 1511.055 1497.656 1496.297 1498.469 1498.111 1513.727 1540.437 1552.618 1557.855 1557.549 1560.863 1571.257 1577.767 1574.933 1575.091 1566.023 1563.283 1566.31
1255.024 1270.218 1288.008 1302.464 1313.641 1324.904 1337.307 1350.64 1366.361 1381.98 1389.677 1389.526 1388.274 1399.967 1412.9 1422.911 1426.859 1434.044 1446.481 1452.856 1452.153 1450.442 1457.441 1471.175 1485.936 1500.05 1509.525 1520.461 1530.135 1536.763 1543.361 1547.29 1549.757 1547.035 1539.895 1535.309 1542.444 1553.283 1561.849 1562.343 1553.783 1546.157 1538.152 1530.954 1533.53 1536.293 1535.306 1532.599 1525.205 1516.627 1508.808 1513.416 1511.016 1500.06 1509.256 1534.661 1549.738 1560.293 1566.808 1571.05 1576.044 1581.928 1583.767 1583.76 1574.626 1572.559 1576.459
